Accession,Code,Catalog,Section,Page
1012,E,3757,SKINS,1
1012,E,3758,SKINS,1
1012,E,3770,SKINS,1
1012,E,3779,SKINS,1
1012,E,3781,SKINS,1
1012,E,3784,SKINS,1
1012,E,3785,SKINS,1
012,E,3787,SKINS,1
012,E,3790,SKINS,1
012,E,3792,SKINS,1
10351,E,114957,SKINS,1
10354,E,115074,SKINS,1
10358,E,115179,SKINS,1
19358,E,115180,SKINS,1
19358,E,115205,SKINS,1
10358,E,115211,SKINS,1
10358,E,115256,SKINS,1
10358,E,115288,SKINS,1
10358,E,115308,SKINS,1
10358,E,115313,SKINS,1
10358,E,115330,SKINS,1
10358,E,115334,SKINS,1
10358,E,115397,SKINS,1
10358,E,115402,SKINS,1
10358,E,115425,SKINS,1
10358,E,115430,SKINS,1
10358,E,115473,SKINS,1
10358,E,115500,SKINS,1
10358,E,115521,SKINS,1
10358,E,115535,SKINS,1
10358,E,115543,SKINS,1
10358,E,115694,SKINS,1
10358,E,115695,SKINS,1
10358,E,115727,SKINS,1
10358,E,115770,SKINS,1
10358,E,115790,SKINS,1
10358,E,115795,SKINS,1
10358,E,115797,SKINS,1
10358,E,115799,SKINS,1
10358,E,115804,SKINS,1
10358,E,115861,SKINS,1
10358,E,115887,SKINS,1
10358,E,115898,SKINS,1
10358,E,115923,SKINS,1
10358,E,115924,SKINS,1
10358,E,115933,SKINS,1
10358,E,115945,SKINS,1
10361,E,116007,SKINS,1
10361,E,116008,SKINS,1
10361,E,116009,SKINS,1
10361,E,116010,SKINS,1
10361,E,116011,SKINS,1
10361,E,116012,SKINS,1
10361,E,116013,SKINS,1
10361,E,116014,SKINS,1
10361,E,116015,SKINS,1
10361,E,116017,SKINS,1
10361,E,116018,SKINS,1
10361,E,116019,SKINS,1
10361,E,116020,SKINS,1
10361,E,116024,SKINS,1
10361,E,116025,SKINS,1
10361,E,116026,SKINS,1
10361,E,116029,SKINS,1
10361,E,116030,SKINS,1
10361,E,116032,SKINS,1
10361,E,116033,SKINS,1
10361,E,116035,SKINS,1
10361,E,116036,SKINS,1
10361,E,116038,SKINS,1
10361,E,116039,SKINS,1
10361,E,116040,SKINS,1
10361,E,116043,SKINS,1
10361,E,116044,SKINS,1
10361,E,116047,SKINS,1
10361,E,116048,SKINS,1
10361,E,116049,SKINS,1
10361,E,116050,SKINS,1
10361,E,116051,SKINS,1
10361,E,116052,SKINS,1
10361,E,116053,SKINS,1
10361,E,116054,SKINS,1
10363,E,116086,SKINS,1
10363,E,116103,SKINS,1
10363,E,116149,SKINS,1
10363,E,116154,SKINS,1
10363,E,116247,SKINS,1
1071,E,3816,SKINS,1
1071,E,3825,SKINS,1
1071,E,3842,SKINS,1
1071,E,3853,SKINS,1
1071,E,3854,SKINS,1
10804,E,116501,SKINS,1
10804,E,116509,SKINS,1
10804,E,116595,SKINS,1
10804,E,116608,SKINS,1
10804,E,116651,SKINS,1
10804,E,116660,SKINS,1
10804,E,116732,SKINS,1
10804,E,116767,SKINS,1
10804,E,116779,SKINS,1
10804,E,116860,SKINS,1
10804,E,117059,SKINS,1
10804,E,117081,SKINS,1
10805,D,117123,SKINS,1
10805,E,117115,SKINS,1
10805,E,117116,SKINS,1
10805,E,117117,SKINS,1
10805,E,117124,SKINS,1
10805,E,117125,SKINS,1
10805,E,117126,SKINS,1
10805,E,117127,SKINS,1
10805,E,117128,SKINS,1
10805,E,117132,SKINS,1
10805,E,117133,SKINS,1
10805,E,117134,SKINS,1
10805,E,117135,SKINS,1
10805,E,117137,SKINS,1
10805,E,117138,SKINS,1
10805,E,117139,SKINS,1
10805,E,117146,SKINS,1
10805,E,117147,SKINS,1
10805,E,117148,SKINS,1
10805,E,117149,SKINS,1
10814,E,117485,SKINS,1
10814,E,117512,SKINS,1
10814,E,117542,SKINS,1
10814,E,117583,SKINS,1
10814,E,117591,SKINS,1
10814,E,117630,SKINS,1
10814,E,117631,SKINS,1
10814,E,117632,SKINS,1
1087,E,3855,SKINS,1
1097,E,3859,SKINS,1
1097,E,3860,SKINS,1
1097,E,3861,SKINS,1
1097,E,3864,SKINS,1
1097,E,3876,SKINS,2
1097,E,3889,SKINS,2
1097,E,3896,SKINS,2
1097,E,3900,SKINS,2
1097,E,3909,SKINS,2
1097,E,3911,SKINS,2
1097,E,3916,SKINS,2
1097,E,3934,SKINS,2
1097,E,3940,SKINS,2
1097,E,3941,SKINS,2
1097,E,3943,SKINS,2
1097,E,3946,SKINS,2
1097,E,3949,SKINS,2
1097,E,3954,SKINS,2
1100,E,3966,SKINS,2
11105,E,117717,SKINS,2
11105,E,117723,SKINS,2
11105,E,117747,SKINS,2
11114,E,118016,SKINS,2
11116,E,118044,SKINS,2
11119,E,118068,SKINS,2
11120,E,118787,SKINS,2
11120,E,118790,SKINS,2
11120,E,118792,SKINS,2
11120,E,118793,SKINS,2
11120,E,118796,SKINS,2
11120,E,118806,SKINS,2
11120,E,118821,SKINS,2
11120,E,118835,SKINS,2
11120,E,118839,SKINS,2
11120,E,118850,SKINS,2
11120,E,118864,SKINS,2
11120,E,118883,SKINS,2
11120,E,118887,SKINS,2
11120,E,118900,SKINS,2
11120,E,118917,SKINS,2
11120,E,118931,SKINS,2
11120,E,118952,SKINS,2
11120,E,118973,SKINS,2
11120,E,118988,SKINS,2
11120,E,118996,SKINS,2
11120,E,119093,SKINS,2
11120,E,119143,SKINS,2
11120,E,119165,SKINS,2
11120,E,119181,SKINS,2
11120,E,119183,SKINS,2
11120,E,119195,SKINS,2
11120,E,119203,SKINS,2
11120,E,119205,SKINS,2
11120,E,119231,SKINS,2
11120,E,119247,SKINS,2
11120,E,119273,SKINS,2
11120,E,119289,SKINS,2
11120,E,119290,SKINS,2
11121,E,119358,SKINS,2
11121,E,119416,SKINS,2
11121,E,119429,SKINS,2
11121,E,119592,SKINS,2
11121,E,119900,SKINS,2
11121,E,119917,SKINS,2
11121,E,120041,SKINS,2
11121,E,120463,SKINS,2
11121,E,120487,SKINS,2
11121,E,120543,SKINS,2
11192,E,120611,SKINS,2
11202,E,120622,SKINS,2
11202,E,120623,SKINS,2
11202,E,120624,SKINS,2
11202,E,120625,SKINS,2
11202,E,120626,SKINS,2
11202,E,120627,SKINS,2
11202,E,120629,SKINS,2
11202,E,120630,SKINS,2
11202,E,120631,SKINS,2
11202,E,120632,SKINS,2
11202,E,120633,SKINS,2
11202,E,120634,SKINS,2
11202,E,120635,SKINS,2
11202,E,120636,SKINS,2
11202,E,120637,SKINS,2
11202,E,120638,SKINS,2
11202,E,120640,SKINS,2
11202,E,120641,SKINS,2
11202,E,120642,SKINS,2
11202,E,120643,SKINS,2
11202,E,120644,SKINS,2
11202,E,120645,SKINS,2
11202,E,120648,SKINS,2
11202,E,120649,SKINS,2
11202,E,120650,SKINS,2
11202,E,120651,SKINS,2
11202,E,120652,SKINS,2
11202,E,120653,SKINS,2
11202,E,120655,SKINS,2
11202,E,120656,SKINS,2
11202,E,120657,SKINS,2
11202,E,120658,SKINS,2
11202,E,120659,SKINS,2
11202,E,120660,SKINS,2
11202,E,120661,SKINS,2
11202,E,120662,SKINS,2
11202,E,120663,SKINS,2
11202,E,120664,SKINS,2
11202,E,120665,SKINS,2
11202,E,120666,SKINS,2
11202,E,120667,SKINS,2
11202,E,120668,SKINS,2
11202,E,120669,SKINS,2
11202,E,120670,SKINS,2
11202,E,120671,SKINS,2
11202,E,120672,SKINS,2
11202,E,120673,SKINS,2
11202,E,120674,SKINS,2
11202,E,120675,SKINS,2
11202,E,120676,SKINS,2
11202,E,120678,SKINS,2
11202,E,120679,SKINS,2
11202,E,120680,SKINS,2
11202,E,120681,SKINS,2
11202,E,120682,SKINS,2
11202,E,120683,SKINS,2
11202,E,120684,SKINS,2
11202,E,120685,SKINS,2
11202,E,120686,SKINS,2
1123,E,3973,SKINS,2
1123,E,3977,SKINS,2
1123,E,3978,SKINS,2
1123,E,3979,SKINS,2
1123,E,3981,SKINS,2
1123,E,3986,SKINS,2
1123,E,3987,SKINS,2
1123,E,3992,SKINS,2
1123,E,3993,SKINS,2
1123,E,4000,SKINS,2
1123,E,4018,SKINS,2
1123,E,4024,SKINS,2
1123,E,4025,SKINS,2
1127,E,4028,SKINS,2
1127,E,4138,SKINS,2
1129,E,4195,SKINS,2
1129,E,4197,SKINS,2
1129,E,4213,SKINS,2
1129,E,4216,SKINS,2
1129,E,4235,SKINS,2
11311,D,120696,SKINS,2
11311,E,120698,SKINS,2
1134,D,4338,SKINS,2
1134,E,4311,SKINS,2
1134,E,4313,SKINS,2
1134,E,4314,SKINS,2
1134,E,4315,SKINS,2
1134,E,4319,SKINS,2
1134,E,4320,SKINS,2
1134,E,4321,SKINS,2
1134,E,4323,SKINS,2
1134,E,4324,SKINS,3
1134,E,4325,SKINS,3
1134,E,4326,SKINS,3
1134,E,4327,SKINS,3
1134,E,4328,SKINS,3
1134,E,4329,SKINS,3
1134,E,4330,SKINS,3
1134,E,4333,SKINS,3
1134,E,4334,SKINS,3
1134,E,4335,SKINS,3
1134,E,4336,SKINS,3
1134,E,4337,SKINS,3
1134,E,4339,SKINS,3
1134,E,4346,SKINS,3
1134,E,4347,SKINS,3
1134,E,4348,SKINS,3
1134,G,4343,SKINS,3
115,D,210,SKINS,3
115,D,211,SKINS,3
115,D,212,SKINS,3
115,D,213,SKINS,3
115,D,218,SKINS,3
115,D,219,SKINS,3
115,D,225,SKINS,3
115,D,227,SKINS,3
115,D,228,SKINS,3
115,D,229,SKINS,3
115,D,232,SKINS,3
115,E,214,SKINS,3
115,E,216,SKINS,3
115,G,220,SKINS,3
115,G,221,SKINS,3
115,G,233,SKINS,3
11549,E,120754,SKINS,3
11549,E,120807,SKINS,3
11549,E,120825,SKINS,3
11549,E,120827,SKINS,3
11550,E,120904,SKINS,3
11550,E,120905,SKINS,3
11550,E,120906,SKINS,3
11550,E,120907,SKINS,3
11550,E,120908,SKINS,3
11550,E,120909,SKINS,3
11550,E,120910,SKINS,3
11550,E,120911,SKINS,3
11550,E,120912,SKINS,3
11550,E,120913,SKINS,3
11550,E,120914,SKINS,3
11550,E,120915,SKINS,3
11550,E,120916,SKINS,3
11550,E,120917,SKINS,3
11550,E,120918,SKINS,3
11550,E,120919,SKINS,3
11550,E,120920,SKINS,3
11550,E,120921,SKINS,3
11550,E,120922,SKINS,3
11550,E,120923,SKINS,3
11550,E,120924,SKINS,3
11550,E,120925,SKINS,3
11550,E,120926,SKINS,3
11550,E,120927,SKINS,3
11550,E,120928,SKINS,3
11550,E,120929,SKINS,3
11550,E,120930,SKINS,3
11550,E,120931,SKINS,3
11550,E,120932,SKINS,3
11550,E,120933,SKINS,3
11550,E,120935,SKINS,3
11550,E,120936,SKINS,3
11550,E,120937,SKINS,3
11550,E,120938,SKINS,3
11550,E,120939,SKINS,3
11550,E,120940,SKINS,3
11550,E,120942,SKINS,3
11550,E,120943,SKINS,3
11550,E,120944,SKINS,3
11550,E,120945,SKINS,3
11550,E,120946,SKINS,3
11550,E,120947,SKINS,3
11550,E,120948,SKINS,3
11550,E,120949,SKINS,3
11550,E,120950,SKINS,3
11550,E,120951,SKINS,3
11550,E,120952,SKINS,3
11550,E,120953,SKINS,3
11550,E,120954,SKINS,3
11550,E,120955,SKINS,3
11550,E,120956,SKINS,3
11550,E,120957,SKINS,3
11550,E,120958,SKINS,3
11550,E,120959,SKINS,3
11550,E,120960,SKINS,3
11550,E,120961,SKINS,3
11550,E,120962,SKINS,3
11550,E,120963,SKINS,3
11550,E,120964,SKINS,3
11550,E,120965,SKINS,3
11550,E,120966,SKINS,3
11550,E,120967,SKINS,3
11550,E,120968,SKINS,3
11550,E,120969,SKINS,3
11550,E,120970,SKINS,3
11550,E,120971,SKINS,3
11550,E,120972,SKINS,3
11550,E,120973,SKINS,3
11550,E,120974,SKINS,3
11550,E,120975,SKINS,3
11550,E,120976,SKINS,3
11550,E,120977,SKINS,3
11550,E,120978,SKINS,3
11550,E,120979,SKINS,3
11550,E,120980,SKINS,3
11550,E,120981,SKINS,3
11550,E,120982,SKINS,3
11550,E,120983,SKINS,3
11550,E,120984,SKINS,3
11550,E,120985,SKINS,3
11550,E,120986,SKINS,3
11550,E,120987,SKINS,3
11550,E,120988,SKINS,3
11550,E,120989,SKINS,3
11550,E,120990,SKINS,3
11550,E,120991,SKINS,3
11550,E,120992,SKINS,3
11550,E,120993,SKINS,3
11550,E,120994,SKINS,3
11550,E,120995,SKINS,3
11550,E,120996,SKINS,3
11550,E,120997,SKINS,3
11550,E,120998,SKINS,3
11550,E,120999,SKINS,3
11550,E,121000,SKINS,3
11550,E,121001,SKINS,3
11550,E,121002,SKINS,3
11550,E,121003,SKINS,3
11550,E,121004,SKINS,3
11550,E,121005,SKINS,3
11550,E,121006,SKINS,3
11550,E,121007,SKINS,3
11550,E,121008,SKINS,3
11550,E,121010,SKINS,3
11550,E,121011,SKINS,3
11550,E,121012,SKINS,3
11550,E,121013,SKINS,3
11550,E,121014,SKINS,3
11550,E,121015,SKINS,3
11550,E,121016,SKINS,3
11550,E,121017,SKINS,3
11550,E,121018,SKINS,3
11550,E,121019,SKINS,3
11550,E,121020,SKINS,3
11550,E,121021,SKINS,3
11550,E,121022,SKINS,3
11550,E,121023,SKINS,3
11550,E,121024,SKINS,3
11550,E,121025,SKINS,3
11550,E,121030,SKINS,3
11550,E,121031,SKINS,3
11550,E,121032,SKINS,3
11550,E,121033,SKINS,3
11550,E,121034,SKINS,3
11550,E,121035,SKINS,4
11550,E,121036,SKINS,4
11550,E,121037,SKINS,4
11550,E,121038,SKINS,4
11550,G,121026,SKINS,4
11550,G,121027,SKINS,4
11551,E,121163,SKINS,4
11551,E,121282,SKINS,4
11551,E,121430,SKINS,4
11551,E,121455,SKINS,4
11551,E,121556,SKINS,4
11551,E,121560,SKINS,4
11551,E,121564,SKINS,4
11551,E,121612,SKINS,4
11551,E,122029,SKINS,4
11551,E,122118,SKINS,4
11551,E,122119,SKINS,4
11558,E,122306,SKINS,4
11617,E,122509,SKINS,4
11857,E,122390,SKINS,4
11857,E,122391,SKINS,4
11857,E,122392,SKINS,4
11857,E,122393,SKINS,4
11857,E,122394,SKINS,4
11857,E,122395,SKINS,4
11857,E,122396,SKINS,4
11857,E,122397,SKINS,4
11857,E,122398,SKINS,4
11857,E,122399,SKINS,4
11857,E,122401,SKINS,4
11857,E,122402,SKINS,4
11857,E,122403,SKINS,4
11857,E,122404,SKINS,4
11857,E,122405,SKINS,4
11857,E,122406,SKINS,4
11857,E,122407,SKINS,4
11857,E,122408,SKINS,4
11857,E,122409,SKINS,4
11857,E,122410,SKINS,4
11857,E,122411,SKINS,4
11857,E,122413,SKINS,4
11857,E,122414,SKINS,4
11857,E,122415,SKINS,4
11857,E,122416,SKINS,4
11857,E,122417,SKINS,4
11857,E,122418,SKINS,4
11857,E,122421,SKINS,4
11857,E,122422,SKINS,4
11857,E,122423,SKINS,4
11857,E,122424,SKINS,4
11857,E,122425,SKINS,4
11857,E,122426,SKINS,4
11857,E,122427,SKINS,4
11857,E,122428,SKINS,4
11857,E,122429,SKINS,4
11857,E,122430,SKINS,4
11857,E,122431,SKINS,4
11857,E,122432,SKINS,4
11857,E,122433,SKINS,4
11857,E,122434,SKINS,4
11857,E,122436,SKINS,4
11857,E,122437,SKINS,4
11857,E,122439,SKINS,4
11857,E,122440,SKINS,4
11857,E,122441,SKINS,4
11857,E,122442,SKINS,4
11857,E,122443,SKINS,4
11857,E,122444,SKINS,4
11857,E,122445,SKINS,4
11857,E,122446,SKINS,4
11857,E,122447,SKINS,4
11857,E,122448,SKINS,4
11857,E,122449,SKINS,4
11857,E,122450,SKINS,4
11857,E,122451,SKINS,4
11857,E,122452,SKINS,4
11857,E,122453,SKINS,4
11857,E,122454,SKINS,4
11857,E,122455,SKINS,4
11857,E,122456,SKINS,4
11857,E,122457,SKINS,4
11857,E,122458,SKINS,4
11857,E,122460,SKINS,4
11857,E,122461,SKINS,4
11857,E,122463,SKINS,4
11857,E,122464,SKINS,4
11857,E,122465,SKINS,4
11857,E,122466,SKINS,4
11857,E,122467,SKINS,4
11857,E,122468,SKINS,4
11857,E,122469,SKINS,4
11857,E,122470,SKINS,4
11857,E,122471,SKINS,4
11857,E,122472,SKINS,4
11857,E,122473,SKINS,4
11857,E,122474,SKINS,4
11857,E,122475,SKINS,4
11857,E,122476,SKINS,4
11857,E,122477,SKINS,4
11857,E,122478,SKINS,4
11857,E,122479,SKINS,4
11857,E,122480,SKINS,4
11857,E,122481,SKINS,4
11857,E,122483,SKINS,4
11857,E,122484,SKINS,4
11857,E,122485,SKINS,4
11857,E,122486,SKINS,4
11857,E,122487,SKINS,4
11857,E,122488,SKINS,4
11857,E,122489,SKINS,4
11857,E,122490,SKINS,4
11857,E,122491,SKINS,4
11857,E,122492,SKINS,4
11857,E,122493,SKINS,4
11857,E,122494,SKINS,4
11857,E,122495,SKINS,4
11857,E,122496,SKINS,4
11857,E,122497,SKINS,4
11857,E,122498,SKINS,4
11857,E,122499,SKINS,4
11857,E,122500,SKINS,4
11857,E,122501,SKINS,4
11857,E,122502,SKINS,4
11857,E,122503,SKINS,4
11857,E,122504,SKINS,4
11857,E,122505,SKINS,4
11857,E,122506,SKINS,4
11857,E,122507,SKINS,4
11857,G,122400,SKINS,4
11858,E,122515,SKINS,4
11858,E,122611,SKINS,4
11858,E,122638,SKINS,4
11858,E,122655,SKINS,4
1188,E,4373,SKINS,4
1188,E,4393,SKINS,4
11889,E,124780,SKINS,4
11889,E,124781,SKINS,4
11889,E,124782,SKINS,4
11889,E,124783,SKINS,4
11889,E,124784,SKINS,4
11889,E,124785,SKINS,4
11889,E,124786,SKINS,4
11889,E,124787,SKINS,4
11889,E,124788,SKINS,4
11889,E,124789,SKINS,4
11889,E,124790,SKINS,4
11889,E,124791,SKINS,4
11889,E,124792,SKINS,4
11889,E,124793,SKINS,4
11889,E,124794,SKINS,4
11889,E,124795,SKINS,4
11889,E,124796,SKINS,4
11889,E,124797,SKINS,4
11889,E,124798,SKINS,4
11889,E,124799,SKINS,4
11889,E,124800,SKINS,4
11889,E,124801,SKINS,4
11889,E,124802,SKINS,4
11889,E,124803,SKINS,4
11889,E,124804,SKINS,5
11889,E,124805,SKINS,5
11889,E,124806,SKINS,5
11889,E,124807,SKINS,5
11889,E,124809,SKINS,5
11889,E,124810,SKINS,5
11889,E,124811,SKINS,5
11889,E,124812,SKINS,5
11889,E,124813,SKINS,5
11889,E,124814,SKINS,5
11889,E,124815,SKINS,5
11889,E,124816,SKINS,5
11889,E,124817,SKINS,5
11889,E,124818,SKINS,5
11889,E,124819,SKINS,5
11889,E,124820,SKINS,5
11889,E,124821,SKINS,5
11889,E,124822,SKINS,5
11889,E,124823,SKINS,5
11889,E,124824,SKINS,5
11889,E,124825,SKINS,5
11889,E,124826,SKINS,5
11889,E,124827,SKINS,5
11889,E,124828,SKINS,5
11889,E,124829,SKINS,5
11889,E,124830,SKINS,5
11889,E,124831,SKINS,5
11889,E,124832,SKINS,5
11889,E,124833,SKINS,5
11889,E,124834,SKINS,5
11889,E,124835,SKINS,5
11889,E,124836,SKINS,5
11889,E,124837,SKINS,5
11889,E,124838,SKINS,5
11889,E,124839,SKINS,5
11889,E,124840,SKINS,5
11889,E,124841,SKINS,5
11889,E,124842,SKINS,5
11889,E,124843,SKINS,5
11889,E,124844,SKINS,5
11889,E,124845,SKINS,5
11889,E,124846,SKINS,5
11889,E,124847,SKINS,5
11889,E,124848,SKINS,5
11889,E,124849,SKINS,5
11889,E,124850,SKINS,5
11889,E,124851,SKINS,5
11889,E,124852,SKINS,5
11889,E,124853,SKINS,5
11889,E,124854,SKINS,5
11889,E,124855,SKINS,5
11889,E,124856,SKINS,5
11889,E,124857,SKINS,5
11889,E,124858,SKINS,5
11889,E,124859,SKINS,5
11889,E,124860,SKINS,5
11889,E,124861,SKINS,5
11889,E,124862,SKINS,5
11889,E,124863,SKINS,5
11889,E,124864,SKINS,5
11889,E,124865,SKINS,5
11889,E,124867,SKINS,5
11889,E,124868,SKINS,5
11967,E,122972,SKINS,5
11969,E,123598,SKINS,5
11969,E,123728,SKINS,5
120,G,234,SKINS,5
12057,E,124869,SKINS,5
12170,E,123921,SKINS,5
12170,E,123975,SKINS,5
12170,E,123993,SKINS,5
12170,E,124043,SKINS,5
12170,E,124045,SKINS,5
12170,E,124065,SKINS,5
12170,E,124111,SKINS,5
12170,E,124119,SKINS,5
12170,E,124178,SKINS,5
12170,E,124195,SKINS,5
12170,E,124215,SKINS,5
12170,E,124216,SKINS,5
12170,E,124256,SKINS,5
12170,E,124376,SKINS,5
12170,E,124534,SKINS,5
12170,E,124885,SKINS,5
12170,G,124719,SKINS,5
12171,E,124779,SKINS,5
12171,E,124870,SKINS,5
12171,E,124871,SKINS,5
12171,E,124872,SKINS,5
12171,E,124874,SKINS,5
12171,E,124875,SKINS,5
12171,E,124876,SKINS,5
12171,E,124877,SKINS,5
12171,E,124878,SKINS,5
12171,E,124879,SKINS,5
12171,E,124880,SKINS,5
12171,E,124881,SKINS,5
12171,G,124882,SKINS,5
12179,E,124987,SKINS,5
1219,E,4501,SKINS,5
1219,E,4506,SKINS,5
1219,E,4533,SKINS,5
1219,E,4575,SKINS,5
1219,E,4580,SKINS,5
1219,E,4603,SKINS,5
1219,E,4604,SKINS,5
1219,E,4609,SKINS,5
1219,E,4630,SKINS,5
1219,E,4664,SKINS,5
1219,E,4666,SKINS,5
122,E,235,SKINS,5
1245,E,4688,SKINS,5
12543,E,125000,SKINS,5
12544,E,125068,SKINS,5
12545,E,125107,SKINS,5
12545,E,125108,SKINS,5
12545,E,125109,SKINS,5
12545,E,125110,SKINS,5
12545,E,125111,SKINS,5
12545,E,125112,SKINS,5
12545,E,125113,SKINS,5
12545,E,125114,SKINS,5
12545,E,125115,SKINS,5
12545,E,125116,SKINS,5
12545,E,125117,SKINS,5
12545,E,125118,SKINS,5
12545,E,125119,SKINS,5
12545,E,125120,SKINS,5
12545,E,125121,SKINS,5
12545,E,125122,SKINS,5
12545,E,125123,SKINS,5
12545,E,125124,SKINS,5
12545,E,125125,SKINS,5
12545,E,125126,SKINS,5
12545,E,125127,SKINS,5
12545,E,125128,SKINS,5
12545,E,125129,SKINS,5
12545,E,125130,SKINS,5
12545,E,125131,SKINS,5
12545,E,125132,SKINS,5
12545,E,125133,SKINS,5
12545,E,125134,SKINS,5
12545,E,125135,SKINS,5
12545,E,125136,SKINS,5
12545,E,125137,SKINS,5
12545,E,125138,SKINS,5
12545,E,125139,SKINS,5
12545,E,125140,SKINS,5
12545,E,125141,SKINS,5
12545,E,125142,SKINS,5
12545,E,125143,SKINS,5
12545,E,125144,SKINS,5
12545,E,125145,SKINS,5
12545,E,125146,SKINS,5
12545,E,125147,SKINS,5
12545,E,125148,SKINS,5
12545,E,125149,SKINS,5
12545,E,125150,SKINS,5
12545,E,125151,SKINS,5
12545,E,125152,SKINS,6
12545,E,125153,SKINS,6
12545,E,125154,SKINS,6
12545,E,125155,SKINS,6
12545,E,125156,SKINS,6
12545,E,125157,SKINS,6
12545,E,125158,SKINS,6
12545,E,125159,SKINS,6
12545,E,125160,SKINS,6
12545,E,125161,SKINS,6
12545,E,125162,SKINS,6
12545,E,125163,SKINS,6
12545,E,125164,SKINS,6
12545,E,125165,SKINS,6
12545,E,125166,SKINS,6
12545,E,125167,SKINS,6
12545,E,125168,SKINS,6
12545,E,125169,SKINS,6
12545,E,125170,SKINS,6
12545,E,125171,SKINS,6
12545,E,125172,SKINS,6
12545,E,125173,SKINS,6
12545,E,125174,SKINS,6
12545,E,125175,SKINS,6
12545,E,125177,SKINS,6
12545,E,125178,SKINS,6
12546,E,125181,SKINS,6
12546,E,125186,SKINS,6
12546,E,125203,SKINS,6
12546,E,125215,SKINS,6
12546,E,125424,SKINS,6
12546,E,125489,SKINS,6
12546,E,125506,SKINS,6
12546,E,125551,SKINS,6
12546,E,125704,SKINS,6
12546,E,125874,SKINS,6
12546,E,126496,SKINS,6
12566,E,126654,SKINS,6
12586,E,126741,SKINS,6
12796,E,128321,SKINS,6
12800,E,126745,SKINS,6
12800,E,126746,SKINS,6
12802,E,126831,SKINS,6
12802,E,127110,SKINS,6
12802,E,127451,SKINS,6
12802,E,127545,SKINS,6
12802,E,127937,SKINS,6
12802,E,128011,SKINS,6
12802,E,128012,SKINS,6
12802,E,128083,SKINS,6
12802,E,128181,SKINS,6
12802,E,128207,SKINS,6
12803,E,128229,SKINS,6
1285,E,4704,SKINS,6
1285,E,4705,SKINS,6
1285,E,4706,SKINS,6
1285,E,4708,SKINS,6
1285,E,4709,SKINS,6
1285,E,4710,SKINS,6
1285,E,4713,SKINS,6
1285,E,4714,SKINS,6
1285,E,4715,SKINS,6
1285,E,4716,SKINS,6
1285,E,4717,SKINS,6
1285,E,4718,SKINS,6
1285,E,4719,SKINS,6
1285,E,4720,SKINS,6
1285,E,4721,SKINS,6
1285,E,4722,SKINS,6
1285,E,4723,SKINS,6
1285,E,4724,SKINS,6
12879,E,128274,SKINS,6
12879,E,128275,SKINS,6
12879,E,128276,SKINS,6
12879,E,128277,SKINS,6
12879,E,128278,SKINS,6
12879,E,128279,SKINS,6
12879,E,128280,SKINS,6
12879,E,128281,SKINS,6
12879,E,128282,SKINS,6
12879,E,128283,SKINS,6
12879,E,128284,SKINS,6
12879,E,128285,SKINS,6
12879,E,128286,SKINS,6
12879,E,128287,SKINS,6
12879,E,128288,SKINS,6
12879,E,128289,SKINS,6
12879,E,128291,SKINS,6
12879,E,128292,SKINS,6
12879,E,128293,SKINS,6
12879,E,128294,SKINS,6
12879,E,128295,SKINS,6
12879,E,128296,SKINS,6
12879,E,128297,SKINS,6
12879,E,128298,SKINS,6
12879,E,128299,SKINS,6
12879,E,128300,SKINS,6
12879,E,128301,SKINS,6
12879,E,128302,SKINS,6
12879,E,128303,SKINS,6
12879,E,128304,SKINS,6
12879,E,128305,SKINS,6
12879,E,128306,SKINS,6
12879,E,128307,SKINS,6
12879,E,128308,SKINS,6
12879,E,128309,SKINS,6
12879,E,128310,SKINS,6
12879,E,128311,SKINS,6
12879,E,128312,SKINS,6
12879,E,128313,SKINS,6
12879,E,128314,SKINS,6
12879,E,128315,SKINS,6
12879,E,128316,SKINS,6
12879,E,128317,SKINS,6
12879,E,128318,SKINS,6
12879,E,128319,SKINS,6
12879,E,128320,SKINS,6
12879,E,128322,SKINS,6
12879,E,128323,SKINS,6
12879,E,128324,SKINS,6
12879,E,128325,SKINS,6
12879,E,128326,SKINS,6
12879,E,128327,SKINS,6
12879,E,128328,SKINS,6
12879,E,128329,SKINS,6
1288,E,4726,SKINS,6
12902,E,128330,SKINS,6
12903,E,128343,SKINS,6
12903,E,128364,SKINS,6
12903,E,128372,SKINS,6
12903,E,128390,SKINS,6
12903,E,128415,SKINS,6
12903,E,128425,SKINS,6
13140,E,128520,SKINS,6
13140,E,128521,SKINS,6
13140,E,128522,SKINS,6
13140,E,128523,SKINS,6
13140,E,128524,SKINS,6
13140,E,128525,SKINS,6
13140,E,128526,SKINS,6
13140,E,128527,SKINS,6
13140,E,128528,SKINS,6
13140,E,128529,SKINS,6
13140,E,128530,SKINS,6
13140,E,128531,SKINS,6
13140,E,128532,SKINS,6
13140,E,128533,SKINS,6
13140,E,128534,SKINS,6
13140,E,128535,SKINS,6
13140,E,128536,SKINS,6
13140,E,128537,SKINS,6
13140,E,128538,SKINS,6
13140,E,128539,SKINS,6
13140,E,128540,SKINS,6
13140,E,128541,SKINS,6
13140,E,128542,SKINS,6
13140,E,128543,SKINS,6
13140,E,128544,SKINS,6
1315,E,4768,SKINS,7
1315,E,4775,SKINS,7
13161,E,128707,SKINS,7
13161,E,128856,SKINS,7
13161,E,128872,SKINS,7
13161,E,128873,SKINS,7
13266,E,129166,SKINS,7
13266,E,129194,SKINS,7
13266,E,129217,SKINS,7
13266,E,129227,SKINS,7
13266,E,129242,SKINS,7
13266,E,129275,SKINS,7
13266,E,129279,SKINS,7
13266,E,129301,SKINS,7
13266,E,129407,SKINS,7
13266,E,129408,SKINS,7
13266,E,129464,SKINS,7
13266,E,129469,SKINS,7
13266,E,129552,SKINS,7
13266,G,129223,SKINS,7
13305,E,129662,SKINS,7
13305,E,129663,SKINS,7
13305,E,129664,SKINS,7
13305,E,129665,SKINS,7
13305,E,129666,SKINS,7
13368,E,129690,SKINS,7
13368,E,129715,SKINS,7
13368,E,129723,SKINS,7
13368,E,129726,SKINS,7
13368,E,129734,SKINS,7
13368,E,129739,SKINS,7
13368,E,129744,SKINS,7
13368,E,129748,SKINS,7
13368,E,129752,SKINS,7
13368,E,129761,SKINS,7
13368,E,129763,SKINS,7
13368,E,129766,SKINS,7
13368,E,129771,SKINS,7
13368,E,129775,SKINS,7
13368,E,129784,SKINS,7
13368,E,129794,SKINS,7
13368,E,129802,SKINS,7
13368,E,129804,SKINS,7
13368,E,129806,SKINS,7
13368,E,129817,SKINS,7
13368,E,129832,SKINS,7
13368,E,129855,SKINS,7
13368,E,129871,SKINS,7
13368,E,129879,SKINS,7
1338,E,4801,SKINS,7
1338,E,4802,SKINS,7
13448,E,129922,SKINS,7
13448,E,129923,SKINS,7
13448,E,129924,SKINS,7
13448,E,129925,SKINS,7
13448,E,129926,SKINS,7
13448,E,129927,SKINS,7
13448,E,129929,SKINS,7
13448,E,129941,SKINS,7
13448,E,129950,SKINS,7
13448,E,129952,SKINS,7
13448,E,129954,SKINS,7
13448,E,129956,SKINS,7
13448,E,129959,SKINS,7
13448,E,129960,SKINS,7
13448,E,129963,SKINS,7
13448,E,129973,SKINS,7
13448,E,129974,SKINS,7
13448,E,129978,SKINS,7
13448,E,129979,SKINS,7
13448,E,129980,SKINS,7
13448,E,129982,SKINS,7
13448,E,129983,SKINS,7
1349,E,4803,SKINS,7
1368,E,4806,SKINS,7
1368,E,4808,SKINS,7
1368,E,4809,SKINS,7
1368,E,4810,SKINS,7
13700,E,130067,SKINS,7
13712,E,130147,SKINS,7
1372,E,4851,SKINS,7
1372,E,4875,SKINS,7
1372,E,4897,SKINS,7
1372,E,4903,SKINS,7
1372,E,4925,SKINS,7
1372,E,4926,SKINS,7
1372,E,4927,SKINS,7
1372,E,4933,SKINS,7
1372,E,4955,SKINS,7
1372,E,5004,SKINS,7
1372,E,5031,SKINS,7
1372,E,5039,SKINS,7
1372,E,5096,SKINS,7
1372,E,5100,SKINS,7
1372,E,5114,SKINS,7
1372,E,5130,SKINS,7
1372,E,5132,SKINS,7
1372,G,4996,SKINS,7
1373,D,5259,SKINS,7
1373,E,5199,SKINS,7
1373,E,5201,SKINS,7
1373,E,5202,SKINS,7
1373,E,5228,SKINS,7
1373,E,5316,SKINS,7
1373,E,5320,SKINS,7
1373,E,5340,SKINS,7
1373,E,5445,SKINS,7
1373,E,5494,SKINS,7
1373,E,5507,SKINS,7
1373,E,5523,SKINS,7
1373,E,5565,SKINS,7
1373,E,5572,SKINS,7
1373,E,5584,SKINS,7
1373,E,5624,SKINS,7
1373,E,5632,SKINS,7
1373,E,5640,SKINS,7
1373,E,5658,SKINS,7
1373,E,5692,SKINS,7
1373,E,5705,SKINS,7
1373,E,5718,SKINS,7
1373,E,5719,SKINS,7
13751,E,130302,SKINS,7
13751,E,130399,SKINS,7
13751,E,130543,SKINS,7
13751,E,130566,SKINS,7
13751,E,130658,SKINS,7
13751,E,130866,SKINS,7
13751,E,130867,SKINS,7
13751,E,130870,SKINS,7
13751,E,130874,SKINS,7
13751,E,130876,SKINS,7
13751,E,130878,SKINS,7
13751,E,130879,SKINS,7
13751,E,130880,SKINS,7
13751,E,130881,SKINS,7
13751,E,130884,SKINS,7
13751,E,130885,SKINS,7
13849,E,130897,SKINS,7
13855,E,130922,SKINS,7
13855,E,130984,SKINS,7
13855,E,130990,SKINS,7
13855,E,131028,SKINS,7
13855,E,131040,SKINS,7
13855,E,131046,SKINS,7
14000,E,131117,SKINS,7
14000,E,131264,SKINS,7
1407,E,5775,SKINS,7
1407,E,5778,SKINS,7
1407,E,5781,SKINS,7
1407,E,5782,SKINS,7
1407,E,5786,SKINS,7
1407,E,5810,SKINS,7
1407,E,5811,SKINS,7
1407,E,5847,SKINS,7
1407,E,5850,SKINS,7
1407,E,5864,SKINS,7
1407,E,5868,SKINS,7
1407,E,5878,SKINS,7
1407,E,5888,SKINS,8
1407,E,5892,SKINS,8
1407,E,5940,SKINS,8
1407,E,5955,SKINS,8
1407,E,5992,SKINS,8
1407,E,6000,SKINS,8
1407,E,6023,SKINS,8
1407,E,6029,SKINS,8
1407,E,6038,SKINS,8
1407,E,6041,SKINS,8
1407,E,6065,SKINS,8
1407,E,6076,SKINS,8
1407,E,6113,SKINS,8
1407,E,6114,SKINS,8
1407,E,6138,SKINS,8
1407,E,6159,SKINS,8
1407,E,6162,SKINS,8
1407,E,6170,SKINS,8
1407,E,6180,SKINS,8
1407,E,6181,SKINS,8
1407,E,6190,SKINS,8
1407,E,6257,SKINS,8
1407,E,6270,SKINS,8
1407,E,6299,SKINS,8
1407,E,6334,SKINS,8
1407,E,6345,SKINS,8
1407,E,6348,SKINS,8
1407,E,6353,SKINS,8
1407,E,6354,SKINS,8
1407,E,6366,SKINS,8
1407,E,6370,SKINS,8
1407,E,6387,SKINS,8
1407,E,6391,SKINS,8
1407,E,6397,SKINS,8
1407,E,6404,SKINS,8
1407,E,6405,SKINS,8
1407,E,6422,SKINS,8
1407,E,6440,SKINS,8
1407,E,6446,SKINS,8
1407,E,6462,SKINS,8
1407,E,6472,SKINS,8
1407,E,6509,SKINS,8
1407,E,6513,SKINS,8
1407,E,6551,SKINS,8
1407,E,6559,SKINS,8
1407,E,6560,SKINS,8
1407,E,6563,SKINS,8
1407,E,6594,SKINS,8
1407,E,6596,SKINS,8
1407,E,6599,SKINS,8
1407,E,6602,SKINS,8
1407,E,6613,SKINS,8
1407,E,6614,SKINS,8
1407,E,6667,SKINS,8
1407,E,6695,SKINS,8
1407,G,6301,SKINS,8
14316,E,131394,SKINS,8
14316,E,131395,SKINS,8
14316,E,131397,SKINS,8
14316,E,131398,SKINS,8
14316,E,131399,SKINS,8
14316,E,131400,SKINS,8
14316,E,131401,SKINS,8
14316,E,131419,SKINS,8
14316,E,131423,SKINS,8
14316,E,131459,SKINS,8
14316,E,131475,SKINS,8
14316,E,131522,SKINS,8
14316,E,131535,SKINS,8
14316,E,131544,SKINS,8
14316,E,131571,SKINS,8
14316,E,131586,SKINS,8
14316,E,131587,SKINS,8
14316,E,131588,SKINS,8
14316,E,131600,SKINS,8
14317,E,131839,SKINS,8
14317,E,131872,SKINS,8
14317,E,131913,SKINS,8
14317,E,131995,SKINS,8
14317,E,132304,SKINS,8
14317,E,132355,SKINS,8
14317,E,132414,SKINS,8
144,D,250,SKINS,8
144,G,237,SKINS,8
1446,D,6739,SKINS,8
1446,E,6754,SKINS,8
1446,E,6755,SKINS,8
1446,E,6770,SKINS,8
1446,E,6783,SKINS,8
1446,E,6908,SKINS,8
1446,E,6911,SKINS,8
1446,E,7000,SKINS,8
1446,E,7013,SKINS,8
1446,E,7014,SKINS,8
1446,E,7027,SKINS,8
1446,E,7037,SKINS,8
1446,E,7066,SKINS,8
1446,E,7067,SKINS,8
1446,E,7083,SKINS,8
1446,E,7084,SKINS,8
14634,D,132526,SKINS,8
14634,D,132594,SKINS,8
14634,E,132455,SKINS,8
14634,E,132456,SKINS,8
14634,E,132490,SKINS,8
14634,E,132496,SKINS,8
14634,E,132527,SKINS,8
14634,E,132536,SKINS,8
14634,E,132577,SKINS,8
14634,E,132592,SKINS,8
14634,E,132599,SKINS,8
14634,E,132608,SKINS,8
14634,E,132615,SKINS,8
14634,E,132624,SKINS,8
14634,E,132638,SKINS,8
14634,E,132640,SKINS,8
14634,E,132685,SKINS,8
14634,E,132689,SKINS,8
14634,E,132728,SKINS,8
14634,E,132744,SKINS,8
14634,E,132745,SKINS,8
14634,E,132792,SKINS,8
14634,E,132793,SKINS,8
14634,E,132796,SKINS,8
14634,E,132803,SKINS,8
14634,E,132816,SKINS,8
14634,E,132826,SKINS,8
14634,E,132827,SKINS,8
14634,E,132833,SKINS,8
14634,E,132835,SKINS,8
14634,E,132836,SKINS,8
14634,E,132848,SKINS,8
14634,E,132864,SKINS,8
14634,E,132892,SKINS,8
14634,E,132899,SKINS,8
14634,E,132908,SKINS,8
14634,E,132909,SKINS,8
14634,E,132910,SKINS,8
14634,E,132918,SKINS,8
14634,E,132936,SKINS,8
14634,E,132956,SKINS,8
14634,E,132964,SKINS,8
14634,E,132975,SKINS,8
14634,E,133006,SKINS,8
14634,E,133008,SKINS,8
14634,E,133009,SKINS,8
14634,E,133012,SKINS,8
14634,E,133017,SKINS,8
14634,E,133040,SKINS,8
14634,E,133049,SKINS,8
14634,E,133052,SKINS,8
14634,E,133080,SKINS,8
14634,E,133081,SKINS,8
14634,E,133093,SKINS,8
14634,E,133096,SKINS,8
14634,E,133100,SKINS,8
14634,E,133107,SKINS,8
14634,E,133122,SKINS,8
14634,E,133123,SKINS,8
14634,E,133143,SKINS,8
14634,E,133147,SKINS,9
14634,E,133166,SKINS,9
14634,E,133179,SKINS,9
14634,E,133192,SKINS,9
14634,E,133198,SKINS,9
14634,E,133201,SKINS,9
14634,E,133202,SKINS,9
14634,E,133208,SKINS,9
14634,E,133219,SKINS,9
14634,E,133226,SKINS,9
14634,E,133227,SKINS,9
14634,E,133232,SKINS,9
14634,E,133236,SKINS,9
14634,E,133251,SKINS,9
14634,E,133258,SKINS,9
14634,E,133262,SKINS,9
14634,E,133266,SKINS,9
14634,E,133273,SKINS,9
14634,E,133275,SKINS,9
14634,E,133280,SKINS,9
14634,E,133282,SKINS,9
14634,E,133283,SKINS,9
14634,E,133299,SKINS,9
14634,E,133300,SKINS,9
14634,E,133311,SKINS,9
14634,E,133313,SKINS,9
14634,E,133315,SKINS,9
14634,E,133320,SKINS,9
14634,E,133322,SKINS,9
14634,E,133323,SKINS,9
14634,E,133324,SKINS,9
14634,E,133325,SKINS,9
14634,E,133332,SKINS,9
14634,E,133337,SKINS,9
14634,E,133340,SKINS,9
14634,E,133343,SKINS,9
14634,E,133345,SKINS,9
14634,E,133351,SKINS,9
14634,E,133356,SKINS,9
14634,E,133357,SKINS,9
14634,E,133360,SKINS,9
14634,E,133363,SKINS,9
14634,E,133379,SKINS,9
14634,E,133387,SKINS,9
14634,E,133392,SKINS,9
14634,E,133393,SKINS,9
14634,E,133394,SKINS,9
14634,E,133395,SKINS,9
14634,E,133400,SKINS,9
14634,E,133403,SKINS,9
14634,E,133417,SKINS,9
14634,E,133422,SKINS,9
14634,E,133424,SKINS,9
14634,E,133447,SKINS,9
14634,E,133448,SKINS,9
14634,E,133474,SKINS,9
14634,E,133481,SKINS,9
14634,E,133501,SKINS,9
14634,E,133506,SKINS,9
14634,E,133522,SKINS,9
14634,E,133523,SKINS,9
14634,E,133528,SKINS,9
14634,E,133551,SKINS,9
14634,E,133554,SKINS,9
14634,E,133561,SKINS,9
14634,E,133579,SKINS,9
14634,E,133580,SKINS,9
14634,E,133582,SKINS,9
14634,E,133588,SKINS,9
14634,E,133607,SKINS,9
14634,E,133611,SKINS,9
14634,E,133621,SKINS,9
14634,E,133627,SKINS,9
14634,E,133660,SKINS,9
14634,E,133667,SKINS,9
14634,E,133671,SKINS,9
14634,E,133673,SKINS,9
14634,E,133676,SKINS,9
14634,E,133688,SKINS,9
14634,E,133692,SKINS,9
14634,E,133698,SKINS,9
14634,E,133699,SKINS,9
14634,E,133706,SKINS,9
14634,E,133709,SKINS,9
14634,E,133720,SKINS,9
14634,E,133754,SKINS,9
14634,E,133759,SKINS,9
14634,E,133763,SKINS,9
14634,G,132519,SKINS,9
14738,E,133774,SKINS,9
14750,E,133906,SKINS,9
14756,D,133984,SKINS,9
14756,E,133935,SKINS,9
14756,E,133947,SKINS,9
14756,E,133949,SKINS,9
14756,E,133952,SKINS,9
14756,E,133953,SKINS,9
14756,E,133965,SKINS,9
14756,E,133979,SKINS,9
14756,E,133982,SKINS,9
14756,E,133996,SKINS,9
14756,E,134005,SKINS,9
14756,E,134006,SKINS,9
14823,E,134011,SKINS,9
14917,E,134016,SKINS,9
14917,E,134026,SKINS,9
14917,E,134031,SKINS,9
14917,E,134063,SKINS,9
14917,E,134079,SKINS,9
14917,E,134088,SKINS,9
14917,E,134103,SKINS,9
14917,E,134120,SKINS,9
14917,E,134125,SKINS,9
14917,E,134127,SKINS,9
14917,E,134141,SKINS,9
14917,E,134163,SKINS,9
14917,E,134180,SKINS,9
14917,E,134199,SKINS,9
14917,E,134211,SKINS,9
14917,E,134212,SKINS,9
14917,E,134217,SKINS,9
14917,E,134239,SKINS,9
14917,E,134257,SKINS,9
14917,E,134282,SKINS,9
14917,E,134288,SKINS,9
14917,E,134315,SKINS,9
14917,E,134405,SKINS,9
14917,E,134432,SKINS,9
14917,E,134437,SKINS,9
14917,E,134443,SKINS,9
14917,E,134444,SKINS,9
14917,E,134450,SKINS,9
14917,E,134477,SKINS,9
14917,E,134486,SKINS,9
14917,E,134501,SKINS,9
14917,E,134525,SKINS,9
14917,E,134549,SKINS,9
1501,E,7106,SKINS,9
15128,E,134612,SKINS,9
15128,E,134617,SKINS,9
15128,E,134619,SKINS,9
15128,E,134629,SKINS,9
15128,E,134634,SKINS,9
15128,E,134649,SKINS,9
15128,E,134653,SKINS,9
15128,E,134668,SKINS,9
15128,E,134676,SKINS,9
15128,E,134698,SKINS,9
15128,E,134725,SKINS,9
15128,E,134736,SKINS,9
15128,E,134747,SKINS,9
15128,E,134759,SKINS,9
15128,E,134765,SKINS,9
15128,E,134769,SKINS,9
15128,E,134799,SKINS,9
15128,E,134823,SKINS,9
15128,E,134825,SKINS,9
15128,E,134839,SKINS,9
15128,E,134840,SKINS,9
15128,E,134907,SKINS,9
15128,E,134913,SKINS,10
15128,E,134922,SKINS,10
15128,E,134970,SKINS,10
15128,E,134982,SKINS,10
15128,E,135010,SKINS,10
15128,E,135013,SKINS,10
15128,E,135043,SKINS,10
15128,E,135044,SKINS,10
15128,E,135050,SKINS,10
15128,E,135059,SKINS,10
15128,E,135075,SKINS,10
15128,E,135096,SKINS,10
15128,E,135097,SKINS,10
15128,E,135110,SKINS,10
15128,E,135123,SKINS,10
15128,E,135127,SKINS,10
15128,E,135141,SKINS,10
15128,E,135147,SKINS,10
15128,E,135150,SKINS,10
15128,E,135153,SKINS,10
15128,E,135162,SKINS,10
15128,E,135194,SKINS,10
15128,E,135233,SKINS,10
15128,E,135239,SKINS,10
15128,E,135277,SKINS,10
15128,E,135280,SKINS,10
15128,E,135281,SKINS,10
15128,E,135282,SKINS,10
15128,E,135301,SKINS,10
15128,E,135313,SKINS,10
15128,E,135392,SKINS,10
1525,E,7111,SKINS,10
1525,E,7113,SKINS,10
15504,E,135546,SKINS,10
15532,E,135603,SKINS,10
15532,E,135604,SKINS,10
15532,E,135605,SKINS,10
15532,E,135610,SKINS,10
15532,E,135611,SKINS,10
15653,E,135702,SKINS,10
157,D,255,SKINS,10
1607,E,7146,SKINS,10
1620,E,7148,SKINS,10
1668,E,7235,SKINS,10
1668,E,7245,SKINS,10
1668,E,7253,SKINS,10
1668,E,7261,SKINS,10
1668,E,7381,SKINS,10
1668,E,7430,SKINS,10
1668,E,7462,SKINS,10
1668,E,7471,SKINS,10
1668,E,7489,SKINS,10
1668,E,7550,SKINS,10
1668,E,7553,SKINS,10
1668,E,7587,SKINS,10
1668,E,7588,SKINS,10
1668,E,7590,SKINS,10
1668,E,7591,SKINS,10
1668,E,7592,SKINS,10
1668,E,7593,SKINS,10
1668,E,7594,SKINS,10
1668,E,7596,SKINS,10
1668,E,7597,SKINS,10
1668,E,7600,SKINS,10
1668,E,7606,SKINS,10
1668,E,7607,SKINS,10
1668,E,7609,SKINS,10
1668,E,7611,SKINS,10
1668,E,7612,SKINS,10
1668,E,7613,SKINS,10
1668,E,7616,SKINS,10
1668,E,7618,SKINS,10
1668,E,7624,SKINS,10
1668,E,7625,SKINS,10
1668,E,7626,SKINS,10
1668,E,7627,SKINS,10
1668,E,7630,SKINS,10
1668,E,7631,SKINS,10
1668,E,7632,SKINS,10
1668,E,7633,SKINS,10
1668,E,7635,SKINS,10
1668,E,7646,SKINS,10
1668,E,7652,SKINS,10
1668,E,7659,SKINS,10
1668,E,7675,SKINS,10
1668,E,7683,SKINS,10
1668,E,7686,SKINS,10
1668,E,7700,SKINS,10
1668,G,7378,SKINS,10
1668,G,7694,SKINS,10
1670,E,7729,SKINS,10
1674,E,7746,SKINS,10
1674,E,7761,SKINS,10
1674,E,7789,SKINS,10
1674,E,7790,SKINS,10
1674,E,7812,SKINS,10
1674,E,7815,SKINS,10
1674,E,7816,SKINS,10
1674,E,7822,SKINS,10
1674,E,7855,SKINS,10
1674,E,7856,SKINS,10
1674,E,7857,SKINS,10
1674,E,7858,SKINS,10
1674,E,7862,SKINS,10
1674,E,7865,SKINS,10
1674,E,7869,SKINS,10
1674,E,7907,SKINS,10
1674,E,7908,SKINS,10
1674,E,7921,SKINS,10
1674,E,7935,SKINS,10
1674,E,7964,SKINS,10
1674,E,7965,SKINS,10
1674,E,7966,SKINS,10
1674,E,7971,SKINS,10
1674,E,7991,SKINS,10
1674,E,7992,SKINS,10
1674,E,7996,SKINS,10
1674,E,8057,SKINS,10
1674,E,8058,SKINS,10
1674,E,8060,SKINS,10
1674,E,8063,SKINS,10
1674,E,8091,SKINS,10
1674,E,8122,SKINS,10
1674,E,8153,SKINS,10
1674,E,8251,SKINS,10
1674,E,8252,SKINS,10
1674,E,8258,SKINS,10
1674,E,8260,SKINS,10
1674,G,7799,SKINS,10
1674,G,8201,SKINS,10
1688,D,8291,SKINS,10
1688,E,8295,SKINS,10
1688,G,8329,SKINS,10
1704,E,8478,SKINS,10
1704,E,8521,SKINS,10
1704,E,8538,SKINS,10
1704,E,8550,SKINS,10
1704,E,8551,SKINS,10
1704,G,8524,SKINS,10
1705,G,8557,SKINS,10
17097,E,135900,SKINS,10
17124,E,135904,SKINS,10
1729,D,8579,SKINS,10
17301,E,136011,SKINS,10
17301,E,136069,SKINS,10
17301,E,136119,SKINS,10
17301,E,136132,SKINS,10
17301,E,136135,SKINS,10
1731,D,8602,SKINS,10
1735,E,8615,SKINS,10
1735,E,8616,SKINS,10
1735,E,8653,SKINS,10
1735,E,8673,SKINS,10
1735,E,8674,SKINS,10
1735,E,8687,SKINS,10
1735,E,8716,SKINS,10
1739,E,8727,SKINS,10
1739,E,8728,SKINS,10
1739,E,8733,SKINS,10
1739,E,8766,SKINS,11
1739,E,8767,SKINS,11
1739,E,8770,SKINS,11
1739,E,8774,SKINS,11
1739,E,8799,SKINS,11
1739,E,8807,SKINS,11
1739,E,8813,SKINS,11
1739,E,8817,SKINS,11
1739,E,8839,SKINS,11
1739,E,8842,SKINS,11
1739,E,8848,SKINS,11
1739,E,8849,SKINS,11
1739,E,8858,SKINS,11
1739,E,8918,SKINS,11
1739,E,8920,SKINS,11
1739,E,8941,SKINS,11
1739,E,8942,SKINS,11
1739,E,8947,SKINS,11
1739,E,8992,SKINS,11
1739,E,8995,SKINS,11
1739,E,9005,SKINS,11
1739,E,9021,SKINS,11
1739,E,9024,SKINS,11
1739,E,9029,SKINS,11
1739,E,9033,SKINS,11
1739,E,9034,SKINS,11
1747,E,9038,SKINS,11
17495,E,136315,SKINS,11
17499,E,136417,SKINS,11
1755,D,9064,SKINS,11
1755,D,9065,SKINS,11
1755,D,9066,SKINS,11
1755,D,9067,SKINS,11
1755,D,9068,SKINS,11
1755,D,9069,SKINS,11
1755,D,9071,SKINS,11
1755,D,9072,SKINS,11
1755,D,9073,SKINS,11
1755,E,9059,SKINS,11
1755,E,9062,SKINS,11
1756,E,9074,SKINS,11
1757,E,9077,SKINS,11
17626,E,138820,SKINS,11
17626,E,138874,SKINS,11
17626,E,138884,SKINS,11
17626,E,138897,SKINS,11
17626,E,138910,SKINS,11
178,E,256,SKINS,11
17991,E,136790,SKINS,11
17991,E,136878,SKINS,11
17991,G,136818,SKINS,11
17993,E,136983,SKINS,11
17993,E,137092,SKINS,11
17993,E,137093,SKINS,11
17993,E,137110,SKINS,11
17993,E,137178,SKINS,11
17993,G,137078,SKINS,11
17994,E,155977,SKINS,11
17994,E,156318,SKINS,11
17994,E,156319,SKINS,11
17994,E,156327,SKINS,11
17994,E,156328,SKINS,11
17994,E,156797,SKINS,11
17994,E,157369,SKINS,11
17994,E,157378,SKINS,11
17994,E,157434,SKINS,11
17994,E,158687,SKINS,11
17994,E,159379,SKINS,11
17994,E,159384,SKINS,11
17994,E,159392,SKINS,11
17994,E,161507,SKINS,11
17994,E,161598,SKINS,11
17994,E,161974,SKINS,11
17994,E,162098,SKINS,11
17994,E,163198,SKINS,11
17994,E,163229,SKINS,11
17994,E,163619,SKINS,11
17994,E,163735,SKINS,11
17994,E,163996,SKINS,11
17994,E,164928,SKINS,11
17994,E,165144,SKINS,11
17994,E,165801,SKINS,11
17994,G,164976,SKINS,11
18131,E,142468,SKINS,11
18213,E,137597,SKINS,11
1822,E,9099,SKINS,11
1822,E,9102,SKINS,11
1822,E,9105,SKINS,11
1822,E,9110,SKINS,11
1849,E,9116,SKINS,11
18758,E,137824,SKINS,11
18764,E,137844,SKINS,11
18765,E,137845,SKINS,11
18855,E,138028,SKINS,11
18855,E,138147,SKINS,11
18855,E,138148,SKINS,11
18855,E,138332,SKINS,11
18867,E,138346,SKINS,11
190,D,258,SKINS,11
190,D,259,SKINS,11
190,D,260,SKINS,11
190,D,261,SKINS,11
190,D,262,SKINS,11
190,D,263,SKINS,11
190,D,264,SKINS,11
192,E,265,SKINS,11
19230,E,140315,SKINS,11
19261,E,138599,SKINS,11
19261,E,138604,SKINS,11
19261,E,138637,SKINS,11
19297,E,138589,SKINS,11
19297,E,138590,SKINS,11
19297,E,138943,SKINS,11
19297,E,139015,SKINS,11
19297,E,139021,SKINS,11
19297,E,139037,SKINS,11
19297,E,139046,SKINS,11
19297,E,139054,SKINS,11
19297,E,139159,SKINS,11
19297,E,139235,SKINS,11
19297,E,139368,SKINS,11
1932,E,9139,SKINS,11
1932,E,9140,SKINS,11
1932,E,9141,SKINS,11
1932,E,9143,SKINS,11
1932,E,9144,SKINS,11
1932,E,9145,SKINS,11
1932,E,9147,SKINS,11
1932,E,9148,SKINS,11
1932,E,9151,SKINS,11
1932,E,9152,SKINS,11
1932,E,9153,SKINS,11
1932,E,9155,SKINS,11
1932,E,9156,SKINS,11
1932,G,9146,SKINS,11
1932,G,9149,SKINS,11
1932,G,9150,SKINS,11
1932,G,9154,SKINS,11
19649,E,139518,SKINS,11
1979,E,9191,SKINS,11
1979,E,9205,SKINS,11
1979,E,9336,SKINS,11
1979,E,9340,SKINS,11
1979,E,9359,SKINS,11
1979,E,9364,SKINS,11
1979,E,9373,SKINS,11
1983,D,9644,SKINS,11
1983,E,9469,SKINS,11
1983,E,9470,SKINS,11
1983,E,9471,SKINS,11
1983,E,9474,SKINS,11
1983,E,9492,SKINS,11
1983,E,9519,SKINS,11
1983,E,9550,SKINS,11
1983,E,9551,SKINS,11
1983,E,9710,SKINS,11
1983,E,9713,SKINS,11
1983,E,9720,SKINS,11
1983,E,9721,SKINS,11
1983,E,9722,SKINS,12
1983,E,9723,SKINS,12
1983,E,9730,SKINS,12
1983,E,9744,SKINS,12
1983,E,9795,SKINS,12
1983,E,9799,SKINS,12
1983,E,9800,SKINS,12
1983,E,9806,SKINS,12
1983,E,9826,SKINS,12
1983,E,9827,SKINS,12
1983,E,9828,SKINS,12
1983,E,9880,SKINS,12
1983,E,9914,SKINS,12
1983,E,9918,SKINS,12
1983,E,9927,SKINS,12
1983,E,9931,SKINS,12
1983,E,9938,SKINS,12
1983,E,9985,SKINS,12
1990,E,9997,SKINS,12
19941,E,139537,SKINS,12
19948,D,139649,SKINS,12
19948,D,140072,SKINS,12
19948,D,140073,SKINS,12
19948,D,140074,SKINS,12
19948,D,140075,SKINS,12
19948,D,140076,SKINS,12
19948,D,140077,SKINS,12
19948,D,140117,SKINS,12
19948,E,139676,SKINS,12
19948,E,140231,SKINS,12
19949,E,140596,SKINS,12
19949,E,140723,SKINS,12
19949,E,140845,SKINS,12
19949,E,140852,SKINS,12
19949,E,140930,SKINS,12
1995,E,10015,SKINS,12
20020,E,140240,SKINS,12
20348,E,140291,SKINS,12
2038,E,10031,SKINS,12
2038,E,10032,SKINS,12
20402,G,169474,SKINS,12
20407,E,140324,SKINS,12
20407,G,169483,SKINS,12
2059,E,10132,SKINS,12
20770,E,140446,SKINS,12
20772,G,169488,SKINS,12
20786,G,169472,SKINS,12
20786,G,169484,SKINS,12
20787,E,141829,SKINS,12
20788,D,169476,SKINS,12
20796,G,169486,SKINS,12
20847,E,147368,SKINS,12
20847,E,147393,SKINS,12
20847,E,147443,SKINS,12
20847,E,147484,SKINS,12
20847,E,147522,SKINS,12
20847,E,147534,SKINS,12
20847,E,147538,SKINS,12
20847,E,147546,SKINS,12
20847,E,147555,SKINS,12
20847,E,148057,SKINS,12
20847,E,148208,SKINS,12
20986,E,140464,SKINS,12
2110,D,10172,SKINS,12
2110,E,10146,SKINS,12
2110,E,10147,SKINS,12
2110,E,10148,SKINS,12
2110,E,10149,SKINS,12
2110,E,10150,SKINS,12
2110,E,10151,SKINS,12
2110,E,10153,SKINS,12
2110,E,10154,SKINS,12
2110,E,10155,SKINS,12
2110,E,10156,SKINS,12
2110,E,10157,SKINS,12
2110,E,10158,SKINS,12
2110,E,10159,SKINS,12
2110,E,10160,SKINS,12
2110,E,10161,SKINS,12
2110,E,10162,SKINS,12
2110,E,10163,SKINS,12
2110,E,10164,SKINS,12
2110,E,10165,SKINS,12
2110,E,10166,SKINS,12
2110,E,10167,SKINS,12
2110,E,10168,SKINS,12
2110,E,10169,SKINS,12
2110,E,10170,SKINS,12
2110,E,10171,SKINS,12
2110,E,10173,SKINS,12
21160,E,141410,SKINS,12
21160,E,141417,SKINS,12
21160,E,141449,SKINS,12
21160,E,141517,SKINS,12
21160,E,141536,SKINS,12
21161,E,141692,SKINS,12
21161,E,141695,SKINS,12
21170,G,169477,SKINS,12
21184,E,141836,SKINS,12
21275,E,141841,SKINS,12
21276,E,141852,SKINS,12
21276,E,141853,SKINS,12
2143,D,10328,SKINS,12
2143,D,10356,SKINS,12
2143,D,10514,SKINS,12
2143,D,10685,SKINS,12
2143,D,10849,SKINS,12
2143,E,10176,SKINS,12
2143,E,10178,SKINS,12
2143,E,10186,SKINS,12
2143,E,10187,SKINS,12
2143,E,10188,SKINS,12
2143,E,10189,SKINS,12
2143,E,10192,SKINS,12
2143,E,10193,SKINS,12
2143,E,10194,SKINS,12
2143,E,10200,SKINS,12
2143,E,10202,SKINS,12
2143,E,10210,SKINS,12
2143,E,10215,SKINS,12
2143,E,10225,SKINS,12
2143,E,10226,SKINS,12
2143,E,10230,SKINS,12
2143,E,10231,SKINS,12
2143,E,10232,SKINS,12
2143,E,10235,SKINS,12
2143,E,10238,SKINS,12
2143,E,10240,SKINS,12
2143,E,10241,SKINS,12
2143,E,10242,SKINS,12
2143,E,10243,SKINS,12
2143,E,10254,SKINS,12
2143,E,10262,SKINS,12
2143,E,10268,SKINS,12
2143,E,10275,SKINS,12
2143,E,10279,SKINS,12
2143,E,10280,SKINS,12
2143,E,10282,SKINS,12
2143,E,10286,SKINS,12
2143,E,10287,SKINS,12
2143,E,10290,SKINS,12
2143,E,10292,SKINS,12
2143,E,10294,SKINS,12
2143,E,10299,SKINS,12
2143,E,10300,SKINS,12
2143,E,10302,SKINS,12
2143,E,10303,SKINS,12
2143,E,10304,SKINS,12
2143,E,10306,SKINS,12
2143,E,10308,SKINS,12
2143,E,10312,SKINS,12
2143,E,10315,SKINS,12
2143,E,10316,SKINS,12
2143,E,10317,SKINS,12
2143,E,10323,SKINS,12
2143,E,10324,SKINS,12
2143,E,10326,SKINS,12
2143,E,10330,SKINS,12
2143,E,10332,SKINS,12
2143,E,10333,SKINS,12
2143,E,10336,SKINS,12
2143,E,10337,SKINS,13
2143,E,10339,SKINS,13
2143,E,10342,SKINS,13
2143,E,10345,SKINS,13
2143,E,10348,SKINS,13
2143,E,10351,SKINS,13
2143,E,10363,SKINS,13
2143,E,10364,SKINS,13
2143,E,10369,SKINS,13
2143,E,10371,SKINS,13
2143,E,10375,SKINS,13
2143,E,10378,SKINS,13
2143,E,10382,SKINS,13
2143,E,10387,SKINS,13
2143,E,10388,SKINS,13
2143,E,10392,SKINS,13
2143,E,10393,SKINS,13
2143,E,10395,SKINS,13
2143,E,10418,SKINS,13
2143,E,10419,SKINS,13
2143,E,10420,SKINS,13
2143,E,10421,SKINS,13
2143,E,10422,SKINS,13
2143,E,10432,SKINS,13
2143,E,10459,SKINS,13
2143,E,10480,SKINS,13
2143,E,10481,SKINS,13
2143,E,10482,SKINS,13
2143,E,10485,SKINS,13
2143,E,10487,SKINS,13
2143,E,10491,SKINS,13
2143,E,10496,SKINS,13
2143,E,10502,SKINS,13
2143,E,10503,SKINS,13
2143,E,10506,SKINS,13
2143,E,10527,SKINS,13
2143,E,10528,SKINS,13
2143,E,10530,SKINS,13
2143,E,10535,SKINS,13
2143,E,10537,SKINS,13
2143,E,10540,SKINS,13
2143,E,10555,SKINS,13
2143,E,10556,SKINS,13
2143,E,10559,SKINS,13
2143,E,10566,SKINS,13
2143,E,10575,SKINS,13
2143,E,10579,SKINS,13
2143,E,10586,SKINS,13
2143,E,10587,SKINS,13
2143,E,10588,SKINS,13
2143,E,10596,SKINS,13
2143,E,10600,SKINS,13
2143,E,10601,SKINS,13
2143,E,10603,SKINS,13
2143,E,10604,SKINS,13
2143,E,10606,SKINS,13
2143,E,10611,SKINS,13
2143,E,10612,SKINS,13
2143,E,10617,SKINS,13
2143,B,10623,SKINS,13
2143,E,10634,SKINS,13
2143,E,10651,SKINS,13
2143,E,10660,SKINS,13
2143,E,10665,SKINS,13
2143,E,10666,SKINS,13
2143,E,10667,SKINS,13
2143,E,10668,SKINS,13
2143,E,10686,SKINS,13
2143,E,10697,SKINS,13
2143,E,10704,SKINS,13
2143,E,10705,SKINS,13
2143,E,10707,SKINS,13
2143,E,10709,SKINS,13
2143,E,10710,SKINS,13
2143,E,10712,SKINS,13
2143,E,10715,SKINS,13
2143,E,10721,SKINS,13
2143,E,10725,SKINS,13
2143,E,10727,SKINS,13
2143,E,10737,SKINS,13
2143,E,10746,SKINS,13
2143,E,10808,SKINS,13
2143,E,10810,SKINS,13
2143,E,10816,SKINS,13
2143,E,10833,SKINS,13
2143,E,10837,SKINS,13
2143,E,10840,SKINS,13
2143,E,10845,SKINS,13
2143,E,10847,SKINS,13
2143,E,10854,SKINS,13
2143,E,10855,SKINS,13
2143,E,10857,SKINS,13
2143,E,10872,SKINS,13
2143,E,10880,SKINS,13
2143,E,10881,SKINS,13
2143,E,10885,SKINS,13
2143,E,10887,SKINS,13
2143,E,10894,SKINS,13
2143,E,10899,SKINS,13
2143,E,10900,SKINS,13
2143,E,10903,SKINS,13
2143,E,10912,SKINS,13
2143,E,10917,SKINS,13
2143,E,10918,SKINS,13
2143,G,10534,SKINS,13
21664,G,143908,SKINS,13
21734,E,142055,SKINS,13
21734,E,142056,SKINS,13
21734,E,142089,SKINS,13
21734,E,142105,SKINS,13
21734,E,142173,SKINS,13
21734,E,142277,SKINS,13
21795,E,149020,SKINS,13
21795,E,149083,SKINS,13
21795,E,149120,SKINS,13
21795,E,149366,SKINS,13
2180,E,11049,SKINS,13
2180,E,11055,SKINS,13
2180,E,11149,SKINS,13
2180,E,11228,SKINS,13
2180,E,11329,SKINS,13
2180,E,11372,SKINS,13
2180,E,11486,SKINS,13
2180,E,11494,SKINS,13
2180,E,11509,SKINS,13
2215,E,11741,SKINS,13
2215,E,11783,SKINS,13
2215,E,11881,SKINS,13
2215,E,11923,SKINS,13
2215,E,11948,SKINS,13
2215,G,11802,SKINS,13
2215,G,11840,SKINS,13
22157,E,142467,SKINS,13
22158,E,142475,SKINS,13
22158,E,142495,SKINS,13
22158,E,142496,SKINS,13
22158,E,142498,SKINS,13
22158,E,142501,SKINS,13
2228,E,12021,SKINS,13
2228,G,11976,SKINS,13
2228,G,11987,SKINS,13
2250,E,12074,SKINS,14
2254,E,12083,SKINS,14
2254,E,12087,SKINS,14
2254,E,12088,SKINS,14
2254,E,12090,SKINS,14
2254,E,12091,SKINS,14
2254,E,12092,SKINS,14
2254,E,12093,SKINS,14
2254,E,12098,SKINS,14
2254,E,12099,SKINS,14
2254,E,12102,SKINS,14
2254,E,12103,SKINS,14
2254,E,12107,SKINS,14
2254,E,12109,SKINS,14
2254,E,12110,SKINS,14
2254,E,12111,SKINS,14
2254,E,12112,SKINS,14
2254,E,12116,SKINS,14
2254,E,12118,SKINS,14
22732,E,142601,SKINS,14
22732,E,142609,SKINS,14
22732,E,142612,SKINS,14
22732,E,142618,SKINS,14
22732,E,142636,SKINS,14
22733,E,142640,SKINS,14
22736,E,142650,SKINS,14
22770,E,142693,SKINS,14
2292,E,12127,SKINS,14
2292,E,12132,SKINS,14
2292,E,12133,SKINS,14
2292,E,12134,SKINS,14
2292,E,12139,SKINS,14
2292,E,12140,SKINS,14
2292,E,12141,SKINS,14
2294,E,12163,SKINS,14
2298,D,12652,SKINS,14
2298,E,12271,SKINS,14
2298,E,12296,SKINS,14
2298,E,12302,SKINS,14
2298,E,12378,SKINS,14
2298,E,12417,SKINS,14
2298,E,12448,SKINS,14
2298,E,12456,SKINS,14
2298,E,12476,SKINS,14
2298,E,12520,SKINS,14
2298,E,12528,SKINS,14
2298,E,12552,SKINS,14
2298,E,12560,SKINS,14
2298,E,12580,SKINS,14
2298,E,12610,SKINS,14
2298,E,12616,SKINS,14
2298,E,12617,SKINS,14
2298,E,12631,SKINS,14
2298,E,12634,SKINS,14
2298,E,12646,SKINS,14
2298,E,12647,SKINS,14
2298,E,12666,SKINS,14
2298,E,12667,SKINS,14
2298,E,12672,SKINS,14
2298,E,12690,SKINS,14
2298,E,12708,SKINS,14
2298,E,12793,SKINS,14
2298,E,12801,SKINS,14
2298,E,12808,SKINS,14
2298,E,12813,SKINS,14
2298,E,12839,SKINS,14
2298,E,12855,SKINS,14
2298,E,12861,SKINS,14
2298,E,12868,SKINS,14
2298,E,12870,SKINS,14
2298,E,12876,SKINS,14
2298,E,12888,SKINS,14
2298,E,12889,SKINS,14
2298,E,12939,SKINS,14
2298,E,12943,SKINS,14
2298,E,12945,SKINS,14
2298,E,12956,SKINS,14
2298,E,12960,SKINS,14
2298,E,13042,SKINS,14
2298,G,12404,SKINS,14
2298,G,12479,SKINS,14
2298,G,12810,SKINS,14
2298,G,12983,SKINS,14
23268,E,143115,SKINS,14
23268,E,143127,SKINS,14
23268,E,143152,SKINS,14
23268,E,143182,SKINS,14
23268,E,143194,SKINS,14
23268,E,143201,SKINS,14
23268,E,143204,SKINS,14
23268,E,143226,SKINS,14
23290,E,143386,SKINS,14
23321,E,143416,SKINS,14
23322,D,143424,SKINS,14
23322,E,143423,SKINS,14
23322,E,143425,SKINS,14
23322,E,143452,SKINS,14
23385,E,143463,SKINS,14
23844,E,143654,SKINS,14
23923,E,143798,SKINS,14
23923,E,143805,SKINS,14
23926,E,143857,SKINS,14
23926,E,149902,SKINS,14
2407,E,13186,SKINS,14
2407,E,13235,SKINS,14
2407,E,13329,SKINS,14
2407,E,13333,SKINS,14
2407,E,13344,SKINS,14
2407,E,13354,SKINS,14
2407,E,13383,SKINS,14
2413,D,13593,SKINS,14
2413,E,13606,SKINS,14
24196,E,143917,SKINS,14
24449,E,143989,SKINS,14
24449,E,143991,SKINS,15
24583,E,144531,SKINS,15
24597,E,144547,SKINS,15
24597,E,144570,SKINS,15
24597,E,144596,SKINS,15
24857,E,144618,SKINS,15
2513,D,21726,SKINS,15
2513,D,21727,SKINS,15
2513,E,10925,SKINS,15
2513,E,10930,SKINS,15
2513,E,10949,SKINS,15
2513,E,10951,SKINS,15
2513,E,10955,SKINS,15
2513,E,10957,SKINS,15
2513,E,10983,SKINS,15
2513,E,11011,SKINS,15
2513,E,13632,SKINS,15
2513,E,13672,SKINS,15
2513,E,13675,SKINS,15
2513,E,13706,SKINS,15
2513,E,13712,SKINS,15
2513,E,13713,SKINS,15
2513,E,13717,SKINS,15
2513,E,13813,SKINS,15
2513,E,13828,SKINS,15
2513,E,13845,SKINS,15
2513,E,13846,SKINS,15
2513,E,13849,SKINS,15
2513,E,13886,SKINS,15
2513,E,13917,SKINS,15
2513,E,13952,SKINS,15
2513,E,13956,SKINS,15
2513,E,13957,SKINS,15
2513,E,13967,SKINS,15
2513,E,13986,SKINS,15
2513,E,13988,SKINS,15
2513,E,13998,SKINS,15
2513,E,14003,SKINS,15
2513,E,14004,SKINS,15
2513,E,14006,SKINS,15
2513,E,14007,SKINS,15
2513,E,14008,SKINS,15
2513,E,14009,SKINS,15
2513,E,14010,SKINS,15
2513,E,14022,SKINS,15
2513,E,14025,SKINS,15
2513,E,14029,SKINS,15
2513,E,14030,SKINS,15
2513,E,14031,SKINS,15
2513,E,14038,SKINS,15
2513,E,14039,SKINS,15
2513,E,14045,SKINS,15
2513,E,14047,SKINS,15
2513,E,14049,SKINS,15
2513,E,14051,SKINS,15
2513,E,14056,SKINS,15
2513,E,14063,SKINS,15
2513,E,14064,SKINS,15
2513,E,14072,SKINS,15
2513,E,14073,SKINS,15
2513,E,14074,SKINS,15
2513,E,14076,SKINS,15
2513,E,14089,SKINS,15
2513,E,14091,SKINS,15
2513,E,14115,SKINS,15
2513,E,14117,SKINS,15
2513,E,14175,SKINS,15
2513,E,14214,SKINS,15
2513,E,14286,SKINS,15
2513,E,14319,SKINS,15
2513,E,14321,SKINS,15
2513,E,14352,SKINS,15
2513,E,14355,SKINS,15
2513,E,14367,SKINS,15
2513,E,14408,SKINS,15
2513,E,14411,SKINS,15
2513,E,14412,SKINS,15
2513,E,14413,SKINS,15
2513,E,14414,SKINS,15
2513,E,14415,SKINS,15
2513,E,14418,SKINS,15
2513,E,14422,SKINS,15
2513,E,14423,SKINS,15
2513,E,14429,SKINS,15
2513,E,14438,SKINS,15
2513,E,14443,SKINS,15
2513,E,14448,SKINS,15
2513,E,14450,SKINS,15
2513,E,14451,SKINS,15
2513,E,14482,SKINS,15
2513,E,14483,SKINS,15
2513,E,14488,SKINS,15
2513,E,14490,SKINS,15
2513,E,14492,SKINS,15
2513,E,14493,SKINS,15
2513,E,14494,SKINS,15
2513,E,14526,SKINS,15
2513,E,14527,SKINS,15
2513,E,14529,SKINS,15
2513,E,14530,SKINS,15
2513,E,14533,SKINS,15
2513,E,14545,SKINS,15
2513,E,14547,SKINS,15
2513,E,14549,SKINS,15
2513,E,14565,SKINS,15
2513,E,14575,SKINS,15
2513,E,14582,SKINS,15
2513,E,14597,SKINS,15
2513,E,14611,SKINS,15
2513,E,14614,SKINS,15
2513,E,14709,SKINS,15
2513,E,14712,SKINS,15
2513,E,14739,SKINS,15
2513,E,14741,SKINS,15
2513,E,14771,SKINS,15
2513,E,14799,SKINS,15
2513,E,14824,SKINS,15
2513,E,14825,SKINS,15
2513,E,14842,SKINS,15
2513,E,14849,SKINS,15
2513,E,14850,SKINS,15
2513,E,14858,SKINS,15
2513,E,14886,SKINS,15
2513,E,14916,SKINS,15
2513,E,14918,SKINS,15
2513,E,14919,SKINS,15
2513,E,14922,SKINS,16
2513,E,14932,SKINS,16
2513,E,14933,SKINS,16
2513,E,14934,SKINS,16
2513,E,14939,SKINS,16
2513,E,14944,SKINS,16
2513,E,14945,SKINS,16
2513,E,14946,SKINS,16
2513,E,14947,SKINS,16
2513,E,14949,SKINS,16
2513,E,14952,SKINS,16
2513,E,14954,SKINS,16
2513,E,14968,SKINS,16
2513,E,14970,SKINS,16
2513,E,14973,SKINS,16
2513,E,14983,SKINS,16
2513,E,14988,SKINS,16
2513,E,14992,SKINS,16
2513,E,14999,SKINS,16
2513,E,15000,SKINS,16
2513,E,15003,SKINS,16
2513,E,15012,SKINS,16
2513,E,15015,SKINS,16
2513,E,15017,SKINS,16
2513,E,15028,SKINS,16
2513,E,15029,SKINS,16
2513,E,15030,SKINS,16
2513,E,15081,SKINS,16
2513,E,15139,SKINS,16
2513,E,15181,SKINS,16
2513,E,15194,SKINS,16
2513,E,15223,SKINS,16
2513,E,15272,SKINS,16
2513,E,15280,SKINS,16
2513,E,15295,SKINS,16
2513,E,15297,SKINS,16
2513,E,15304,SKINS,16
2513,E,15396,SKINS,16
2513,E,15480,SKINS,16
2513,E,15481,SKINS,16
2513,E,15483,SKINS,16
2513,E,15485,SKINS,16
2513,E,15509,SKINS,16
2513,E,15510,SKINS,16
2513,E,15511,SKINS,16
2513,E,15584,SKINS,16
2513,E,15586,SKINS,16
2513,E,15589,SKINS,16
2513,E,15599,SKINS,16
2513,E,15608,SKINS,16
2513,E,15612,SKINS,16
2513,E,15633,SKINS,16
2513,E,15635,SKINS,16
2513,E,15636,SKINS,16
2513,E,15637,SKINS,16
2513,E,15646,SKINS,16
2513,E,15733,SKINS,16
2513,E,15751,SKINS,16
2513,E,15754,SKINS,16
2513,E,15772,SKINS,16
2513,E,15775,SKINS,16
2513,E,15776,SKINS,16
2513,E,15795,SKINS,16
2513,E,15798,SKINS,16
2513,E,15824,SKINS,16
2513,E,15828,SKINS,16
2513,E,15842,SKINS,16
2513,E,15851,SKINS,16
2513,E,15864,SKINS,16
2513,E,15869,SKINS,16
2513,E,15914,SKINS,16
2513,E,15919,SKINS,16
2513,E,15920,SKINS,16
2513,E,15935,SKINS,16
2513,E,16015,SKINS,16
2513,E,16016,SKINS,16
2513,E,16125,SKINS,16
2513,E,16130,SKINS,16
2513,E,16131,SKINS,16
2513,E,16136,SKINS,16
2513,E,16137,SKINS,16
2513,E,16141,SKINS,16
2513,E,16149,SKINS,16
2513,E,16150,SKINS,16
2513,E,16151,SKINS,16
2513,E,16161,SKINS,16
2513,E,16231,SKINS,16
2513,E,16244,SKINS,16
2513,E,16250,SKINS,16
2513,E,16252,SKINS,16
2513,E,16263,SKINS,16
2513,E,16277,SKINS,16
2513,E,16279,SKINS,16
2513,E,16282,SKINS,16
2513,E,16289,SKINS,16
2513,E,16469,SKINS,16
2513,E,16479,SKINS,16
2513,E,16599,SKINS,16
2513,E,16653,SKINS,16
2513,E,16657,SKINS,16
2513,E,16717,SKINS,16
2513,E,16769,SKINS,16
2513,E,16800,SKINS,16
2513,E,16883,SKINS,17
2513,E,16924,SKINS,17
2513,E,16945,SKINS,17
2513,E,17011,SKINS,17
2513,E,17110,SKINS,17
2513,E,17118,SKINS,17
2513,E,17121,SKINS,17
2513,E,17158,SKINS,17
2513,E,17190,SKINS,17
2513,E,17207,SKINS,17
2513,E,17268,SKINS,17
2513,E,17270,SKINS,17
2513,E,17271,SKINS,17
2513,E,17289,SKINS,17
2513,E,17307,SKINS,17
2513,E,17359,SKINS,17
2513,E,17361,SKINS,17
2513,E,17362,SKINS,17
2513,E,17372,SKINS,17
2513,E,17379,SKINS,17
2513,E,17388,SKINS,17
2513,E,17395,SKINS,17
2513,E,17475,SKINS,17
2513,E,17479,SKINS,17
2513,E,17489,SKINS,17
2513,E,17495,SKINS,17
2513,E,17504,SKINS,17
2513,E,17511,SKINS,17
2513,E,17512,SKINS,17
2513,E,17546,SKINS,17
2513,E,17582,SKINS,17
2513,E,17593,SKINS,17
2513,E,17641,SKINS,17
2513,E,17642,SKINS,17
2513,E,17672,SKINS,17
2513,E,17684,SKINS,17
2513,E,17692,SKINS,17
2513,E,17693,SKINS,17
2513,E,17694,SKINS,17
2513,E,17698,SKINS,17
2513,E,17699,SKINS,17
2513,E,17700,SKINS,17
2513,E,17709,SKINS,17
2513,E,17753,SKINS,17
2513,E,17763,SKINS,17
2513,E,17774,SKINS,17
2513,E,17775,SKINS,17
2513,E,17778,SKINS,17
2513,E,17794,SKINS,17
2513,E,17797,SKINS,17
2513,E,17798,SKINS,17
2513,E,17810,SKINS,17
2513,E,17812,SKINS,17
2513,E,17816,SKINS,17
2513,E,17824,SKINS,17
2513,E,17825,SKINS,17
2513,E,17831,SKINS,17
2513,E,17834,SKINS,17
2513,E,17883,SKINS,17
2513,E,17885,SKINS,17
2513,E,17895,SKINS,17
2513,E,17995,SKINS,17
2513,E,17996,SKINS,17
2513,E,18005,SKINS,17
2513,E,18008,SKINS,17
2513,E,18009,SKINS,17
2513,E,18010,SKINS,17
2513,E,18011,SKINS,17
2513,E,18017,SKINS,17
2513,E,18019,SKINS,17
2513,E,18026,SKINS,17
2513,E,18037,SKINS,17
2513,E,18038,SKINS,17
2513,E,18079,SKINS,17
2513,E,18115,SKINS,17
2513,E,18133,SKINS,17
2513,E,18140,SKINS,17
2513,E,18170,SKINS,17
2513,E,18190,SKINS,17
2513,E,18195,SKINS,17
2513,E,18196,SKINS,17
2513,E,18197,SKINS,17
2513,E,18198,SKINS,17
2513,E,18228,SKINS,17
2513,E,18229,SKINS,17
2513,E,18230,SKINS,17
2513,E,18237,SKINS,17
2513,E,18238,SKINS,17
2513,E,18243,SKINS,17
2513,E,18246,SKINS,17
2513,E,18247,SKINS,17
2513,E,18250,SKINS,17
2513,E,18252,SKINS,17
2513,E,18257,SKINS,17
2513,E,18261,SKINS,17
2513,E,18307,SKINS,17
2513,E,18383,SKINS,17
2513,E,18400,SKINS,17
2513,E,18432,SKINS,17
2513,E,18438,SKINS,17
2513,E,18473,SKINS,17
2513,E,18551,SKINS,17
2513,E,18573,SKINS,17
2513,E,18642,SKINS,17
2513,E,18643,SKINS,17
2513,E,18662,SKINS,17
2513,E,18666,SKINS,17
2513,E,18668,SKINS,17
2513,E,18669,SKINS,17
2513,E,18670,SKINS,17
2513,E,18671,SKINS,17
2513,E,18672,SKINS,17
2513,E,18674,SKINS,17
2513,E,18678,SKINS,17
2513,E,18687,SKINS,17
2513,E,18688,SKINS,17
2513,E,18704,SKINS,17
2513,E,18707,SKINS,17
2513,E,18725,SKINS,17
2513,E,18731,SKINS,17
2513,E,18740,SKINS,17
2513,E,18743,SKINS,17
2513,E,18751,SKINS,18
2513,E,18761,SKINS,18
2513,E,18770,SKINS,18
2513,E,18774,SKINS,18
2513,E,18781,SKINS,18
2513,E,18786,SKINS,18
2513,E,18788,SKINS,18
2513,E,18791,SKINS,18
2513,E,18821,SKINS,18
2513,E,18853,SKINS,18
2513,E,18857,SKINS,18
2513,E,18859,SKINS,18
2513,E,18863,SKINS,18
2513,E,18867,SKINS,18
2513,E,18881,SKINS,18
2513,E,18909,SKINS,18
2513,E,18915,SKINS,18
2513,E,18987,SKINS,18
2513,E,18988,SKINS,18
2513,E,18989,SKINS,18
2513,E,18993,SKINS,18
2513,E,19059,SKINS,18
2513,E,19085,SKINS,18
2513,E,19086,SKINS,18
2513,E,19150,SKINS,18
2513,E,19151,SKINS,18
2513,E,19152,SKINS,18
2513,E,19171,SKINS,18
2513,E,19307,SKINS,18
2513,E,19344,SKINS,18
2513,E,19382,SKINS,18
2513,E,19390,SKINS,18
2513,E,19432,SKINS,18
2513,E,19444,SKINS,18
2513,E,19447,SKINS,18
2513,E,19457,SKINS,18
2513,E,19486,SKINS,18
2513,E,19498,SKINS,18
2513,E,19548,SKINS,18
2513,E,19557,SKINS,18
2513,E,19562,SKINS,18
2513,E,19564,SKINS,18
2513,E,19640,SKINS,18
2513,E,19683,SKINS,18
2513,E,19730,SKINS,18
2513,E,19731,SKINS,18
2513,E,19733,SKINS,18
2513,E,19737,SKINS,18
2513,E,19738,SKINS,18
2513,E,19741,SKINS,18
2513,E,19742,SKINS,18
2513,E,19743,SKINS,18
2513,E,19744,SKINS,18
2513,E,19745,SKINS,18
2513,E,19747,SKINS,18
2513,E,19748,SKINS,18
2513,E,19749,SKINS,18
2513,E,19750,SKINS,18
2513,E,19752,SKINS,18
2513,E,19753,SKINS,18
2513,E,19754,SKINS,18
2513,E,19755,SKINS,18
2513,E,19758,SKINS,18
2513,E,19763,SKINS,18
2513,E,19765,SKINS,18
2513,E,19767,SKINS,18
2513,E,19773,SKINS,18
2513,E,19774,SKINS,18
2513,E,19778,SKINS,18
2513,E,19780,SKINS,18
2513,E,19797,SKINS,18
2513,E,19881,SKINS,18
2513,E,19888,SKINS,18
2513,E,19892,SKINS,18
2513,E,19898,SKINS,18
2513,E,19908,SKINS,18
2513,E,19929,SKINS,18
2513,E,19932,SKINS,18
2513,E,19988,SKINS,18
2513,E,20004,SKINS,18
2513,E,20087,SKINS,18
2513,E,20102,SKINS,18
2513,E,20103,SKINS,18
2513,E,20125,SKINS,18
2513,E,20154,SKINS,18
2513,E,20156,SKINS,18
2513,E,20179,SKINS,18
2513,E,20196,SKINS,18
2513,E,20238,SKINS,18
2513,E,20283,SKINS,18
2513,E,20344,SKINS,18
2513,E,20365,SKINS,18
2513,E,20370,SKINS,18
2513,E,20387,SKINS,18
2513,E,20454,SKINS,18
2513,E,20541,SKINS,18
2513,E,20544,SKINS,18
2513,E,20562,SKINS,18
2513,E,20603,SKINS,18
2513,E,20648,SKINS,18
2513,E,20669,SKINS,18
2513,E,20742,SKINS,18
2513,E,20751,SKINS,18
2513,E,20759,SKINS,18
2513,E,20811,SKINS,19
2513,E,20813,SKINS,19
2513,E,20817,SKINS,19
2513,E,20822,SKINS,19
2513,E,20839,SKINS,19
2513,E,20899,SKINS,19
2513,E,20923,SKINS,19
2513,E,20959,SKINS,19
2513,E,20984,SKINS,19
2513,E,21047,SKINS,19
2513,E,21064,SKINS,19
2513,E,21176,SKINS,19
2513,E,21178,SKINS,19
2513,E,21183,SKINS,19
2513,E,21188,SKINS,19
2513,E,21235,SKINS,19
2513,E,21310,SKINS,19
2513,E,21352,SKINS,19
2513,E,21386,SKINS,19
2513,E,21393,SKINS,19
2513,E,21397,SKINS,19
2513,E,21413,SKINS,19
2513,E,21431,SKINS,19
2513,E,21474,SKINS,19
2513,E,21513,SKINS,19
2513,E,21551,SKINS,19
2513,E,21552,SKINS,19
2513,E,21594,SKINS,19
2513,E,21623,SKINS,19
2513,E,21663,SKINS,19
2513,E,21707,SKINS,19
2513,E,21723,SKINS,19
2513,E,21724,SKINS,19
2513,E,21725,SKINS,19
2513,E,21734,SKINS,19
2513,E,21750,SKINS,19
2513,E,21797,SKINS,19
2513,E,21830,SKINS,19
2513,E,21838,SKINS,19
2513,E,21859,SKINS,19
2513,E,21888,SKINS,19
2513,E,21915,SKINS,19
2513,E,21921,SKINS,19
2513,E,21926,SKINS,19
2513,E,21928,SKINS,19
2513,E,21941,SKINS,19
2513,E,21944,SKINS,19
2513,E,21945,SKINS,19
2513,E,21946,SKINS,19
2513,E,21947,SKINS,19
2513,E,21949,SKINS,19
2513,E,21952,SKINS,19
2513,E,21961,SKINS,19
2513,E,21983,SKINS,19
2513,E,21984,SKINS,19
2513,E,22033,SKINS,19
2513,E,22073,SKINS,19
2513,E,22076,SKINS,19
2513,E,22091,SKINS,19
2513,E,22095,SKINS,19
2513,E,22097,SKINS,19
2513,E,22104,SKINS,19
2513,E,22108,SKINS,19
2513,E,22115,SKINS,19
2513,E,22129,SKINS,19
2513,E,22136,SKINS,19
2513,E,22137,SKINS,19
2513,E,22141,SKINS,19
2513,E,22142,SKINS,19
2513,E,22143,SKINS,19
2513,E,22149,SKINS,19
2513,E,22150,SKINS,19
2513,E,22154,SKINS,19
2513,E,22156,SKINS,19
2513,E,22157,SKINS,19
2513,E,22161,SKINS,19
2513,E,22168,SKINS,19
2513,E,22169,SKINS,19
2513,E,22174,SKINS,19
2513,E,22178,SKINS,19
2513,E,22201,SKINS,19
2513,E,22210,SKINS,19
2513,E,22227,SKINS,19
2513,E,22231,SKINS,19
2513,E,22243,SKINS,19
2513,E,22245,SKINS,19
2513,E,22246,SKINS,19
2513,E,22250,SKINS,19
2513,E,22252,SKINS,19
2513,E,22253,SKINS,19
2513,E,22255,SKINS,19
2513,E,22256,SKINS,19
2513,E,22265,SKINS,19
2513,E,22266,SKINS,19
2513,E,22270,SKINS,19
2513,E,22339,SKINS,19
2513,E,22346,SKINS,19
2513,E,22416,SKINS,19
2513,E,22417,SKINS,19
2513,E,22451,SKINS,19
2513,E,22517,SKINS,19
2513,E,22519,SKINS,19
2513,E,22659,SKINS,19
2513,E,22685,SKINS,19
2513,E,22686,SKINS,19
2513,E,22759,SKINS,19
2513,E,22784,SKINS,19
2513,E,22797,SKINS,19
2513,E,22802,SKINS,20
2513,E,22828,SKINS,20
2513,E,22875,SKINS,20
2513,E,22876,SKINS,20
2513,E,22910,SKINS,20
2513,E,22957,SKINS,20
2513,E,22995,SKINS,20
2513,E,23029,SKINS,20
2513,E,23074,SKINS,20
2513,E,23102,SKINS,20
2513,E,23113,SKINS,20
2513,E,23114,SKINS,20
2513,E,23128,SKINS,20
2513,E,23152,SKINS,20
2513,E,23153,SKINS,20
2513,E,23160,SKINS,20
2513,E,23201,SKINS,20
2513,E,23243,SKINS,20
2513,E,23314,SKINS,20
2513,E,23315,SKINS,20
2513,E,23317,SKINS,20
2513,E,23328,SKINS,20
2513,E,23340,SKINS,20
2513,E,23345,SKINS,20
2513,E,23349,SKINS,20
2513,E,23392,SKINS,20
2513,E,23455,SKINS,20
2513,E,23457,SKINS,20
2513,G,15315,SKINS,20
2513,G,15445,SKINS,20
2513,G,16373,SKINS,20
2513,G,19010,SKINS,20
2513,G,21728,SKINS,20
25258,E,144809,SKINS,20
25259,E,144810,SKINS,20
25261,D,144814,SKINS,20
25279,E,144834,SKINS,20
25279,E,144835,SKINS,20
25279,E,144844,SKINS,20
25279,E,144847,SKINS,20
253,D,268,SKINS,20
253,D,311,SKINS,20
253,D,314,SKINS,20
253,D,339,SKINS,20
253,D,340,SKINS,20
253,D,341,SKINS,20
253,D,344,SKINS,20
253,D,360,SKINS,20
253,D,368,SKINS,20
253,D,370,SKINS,20
253,D,373,SKINS,20
253,D,380,SKINS,20
253,D,388,SKINS,20
253,D,403,SKINS,20
253,D,404,SKINS,20
253,D,435,SKINS,20
253,E,281,SKINS,20
253,E,407,SKINS,20
253,E,408,SKINS,20
253,E,409,SKINS,20
253,E,410,SKINS,20
253,E,414,SKINS,20
253,E,416,SKINS,20
253,E,419,SKINS,20
253,E,420,SKINS,20
253,E,421,SKINS,20
253,E,422,SKINS,20
253,E,425,SKINS,20
253,E,428,SKINS,20
253,E,433,SKINS,20
253,E,434,SKINS,20
253,E,437,SKINS,20
253,E,438,SKINS,20
253,E,441,SKINS,20
253,E,442,SKINS,20
253,G,269,SKINS,20
253,G,272,SKINS,20
253,G,273,SKINS,20
253,G,274,SKINS,20
253,G,275,SKINS,20
253,G,292,SKINS,20
253,G,295,SKINS,20
253,G,296,SKINS,20
253,G,305,SKINS,20
253,G,329,SKINS,20
253,G,331,SKINS,20
253,G,350,SKINS,20
253,G,351,SKINS,20
253,G,359,SKINS,20
253,G,361,SKINS,20
253,G,363,SKINS,20
253,G,365,SKINS,20
253,G,378,SKINS,20
253,G,382,SKINS,20
253,G,384,SKINS,20
253,G,394,SKINS,20
253,G,395,SKINS,20
253,G,396,SKINS,20
253,G,399,SKINS,20
253,G,400,SKINS,20
253,G,401,SKINS,20
253,G,415,SKINS,20
253,G,423,SKINS,20
253,G,426,SKINS,20
253,G,427,SKINS,20
253,G,430,SKINS,20
253,G,431,SKINS,20
25364,E,144859,SKINS,21
254,D,445,SKINS,21
254,D,483,SKINS,21
254,D,486,SKINS,21
254,D,1675,SKINS,21
254,E,517,SKINS,21
254,E,565,SKINS,21
254,E,572,SKINS,21
254,E,573,SKINS,21
254,E,583,SKINS,21
254,E,585,SKINS,21
254,E,595,SKINS,21
254,E,598,SKINS,21
254,E,600,SKINS,21
254,E,604,SKINS,21
254,E,609,SKINS,21
254,E,610,SKINS,21
254,E,612,SKINS,21
254,E,640,SKINS,21
254,E,654,SKINS,21
254,E,670,SKINS,21
254,E,687,SKINS,22
254,E,699,SKINS,22
254,E,700,SKINS,22
254,E,714,SKINS,22
254,E,718,SKINS,22
254,E,761,SKINS,22
254,E,762,SKINS,22
254,E,764,SKINS,22
254,E,766,SKINS,22
254,E,768,SKINS,22
254,E,777,SKINS,22
254,E,778,SKINS,22
254,E,779,SKINS,22
254,E,786,SKINS,22
254,E,792,SKINS,22
254,E,793,SKINS,22
254,E,797,SKINS,22
254,E,802,SKINS,22
254,E,887,SKINS,23
254,E,901,SKINS,23
254,E,904,SKINS,23
254,E,920,SKINS,23
254,E,921,SKINS,23
254,E,923,SKINS,23
254,E,926,SKINS,23
254,E,928,SKINS,23
254,E,948,SKINS,23
254,E,955,SKINS,23
254,E,957,SKINS,23
254,E,959,SKINS,23
254,E,965,SKINS,23
254,E,970,SKINS,23
254,E,973,SKINS,23
254,E,974,SKINS,23
254,E,975,SKINS,23
254,E,988,SKINS,23
254,E,1024,SKINS,23
254,E,1028,SKINS,23
254,E,1047,SKINS,24
254,E,1054,SKINS,24
254,E,1055,SKINS,24
254,E,1061,SKINS,24
254,E,1096,SKINS,24
254,E,1114,SKINS,24
254,E,1117,SKINS,24
254,E,1118,SKINS,24
254,E,1119,SKINS,24
254,E,1120,SKINS,24
254,E,1125,SKINS,24
254,E,1131,SKINS,24
254,E,1133,SKINS,24
254,E,1135,SKINS,24
254,E,1138,SKINS,24
254,E,1142,SKINS,24
254,E,1143,SKINS,24
254,E,1146,SKINS,24
254,E,1149,SKINS,24
254,E,1150,SKINS,24
254,E,1151,SKINS,24
254,E,1162,SKINS,24
254,E,1165,SKINS,24
254,E,1169,SKINS,24
254,E,1171,SKINS,24
254,E,1172,SKINS,24
254,E,1173,SKINS,24
254,E,1174,SKINS,24
254,E,1194,SKINS,24
254,E,1195,SKINS,24
254,E,1202,SKINS,24
254,E,1215,SKINS,24
254,E,1240,SKINS,25
254,E,1247,SKINS,25
254,E,1255,SKINS,25
254,E,1274,SKINS,25
254,E,1276,SKINS,25
254,E,1289,SKINS,25
254,E,1290,SKINS,25
254,E,1292,SKINS,25
254,E,1293,SKINS,25
254,E,1295,SKINS,25
254,E,1324,SKINS,25
254,E,1326,SKINS,25
254,E,1330,SKINS,25
254,E,1334,SKINS,25
254,E,1338,SKINS,25
254,E,1339,SKINS,25
254,E,1341,SKINS,25
254,E,1348,SKINS,25
254,E,1352,SKINS,25
254,E,1374,SKINS,25
254,E,1383,SKINS,25
254,E,1391,SKINS,25
254,E,1405,SKINS,26
254,E,1432,SKINS,26
254,E,1437,SKINS,26
254,E,1452,SKINS,26
254,E,1454,SKINS,26
254,E,1455,SKINS,26
254,E,1456,SKINS,26
254,E,1458,SKINS,26
254,E,1466,SKINS,26
254,E,1470,SKINS,26
254,E,1477,SKINS,26
254,E,1485,SKINS,26
254,E,1486,SKINS,26
254,E,1488,SKINS,26
254,E,1489,SKINS,26
254,E,1490,SKINS,26
254,E,1491,SKINS,26
254,E,1495,SKINS,26
254,E,1497,SKINS,26
254,E,1501,SKINS,26
254,E,1502,SKINS,26
254,E,1503,SKINS,26
254,E,1511,SKINS,26
254,E,1513,SKINS,26
254,E,1514,SKINS,26
254,E,1515,SKINS,26
254,E,1540,SKINS,26
254,E,1543,SKINS,26
254,E,1544,SKINS,26
254,E,1557,SKINS,26
254,E,1564,SKINS,27
254,E,1707,SKINS,27
254,E,1708,SKINS,27
254,E,1711,SKINS,27
254,E,1713,SKINS,27
254,E,1715,SKINS,27
254,E,1716,SKINS,27
254,E,1717,SKINS,27
254,E,1722,SKINS,27
254,E,1723,SKINS,27
254,E,1726,SKINS,27
254,E,1727,SKINS,27
254,E,1731,SKINS,27
254,E,1734,SKINS,27
254,E,1744,SKINS,27
254,E,1764,SKINS,27
254,E,1765,SKINS,27
254,E,1769,SKINS,27
254,G,460,SKINS,27
254,G,461,SKINS,27
254,G,463,SKINS,27
254,G,494,SKINS,27
254,G,501,SKINS,27
254,G,502,SKINS,27
254,G,510,SKINS,27
254,G,518,SKINS,27
254,G,519,SKINS,27
254,G,532,SKINS,27
254,G,552,SKINS,27
254,G,711,SKINS,27
254,G,723,SKINS,27
254,G,752,SKINS,27
254,G,938,SKINS,27
254,G,945,SKINS,27
254,G,977,SKINS,27
254,G,1066,SKINS,27
254,G,1067,SKINS,27
254,G,1069,SKINS,27
254,G,1072,SKINS,27
254,G,1073,SKINS,27
254,G,1074,SKINS,27
254,G,1100,SKINS,27
254,G,1101,SKINS,27
254,G,1105,SKINS,27
254,G,1128,SKINS,27
254,G,1153,SKINS,27
254,G,1563,SKINS,27
254,G,1570,SKINS,27
254,G,1571,SKINS,27
254,G,1572,SKINS,27
254,G,1573,SKINS,27
254,G,1575,SKINS,27
254,G,1576,SKINS,27
254,G,1577,SKINS,27
254,G,1578,SKINS,27
254,G,1579,SKINS,27
254,G,1580,SKINS,27
254,G,1581,SKINS,27
254,G,1582,SKINS,27
254,G,1583,SKINS,27
254,G,1584,SKINS,27
254,G,1585,SKINS,27
254,G,1586,SKINS,27
254,G,1587,SKINS,27
254,G,1588,SKINS,27
254,G,1589,SKINS,27
254,G,1590,SKINS,27
254,G,1591,SKINS,27
254,G,1592,SKINS,27
254,G,1593,SKINS,27
254,G,1595,SKINS,27
254,G,1596,SKINS,27
254,G,1597,SKINS,27
254,G,1598,SKINS,27
254,G,1599,SKINS,27
254,G,1600,SKINS,27
254,G,1601,SKINS,27
254,G,1602,SKINS,27
254,G,1603,SKINS,27
254,G,1604,SKINS,27
254,G,1605,SKINS,27
254,G,1606,SKINS,27
254,G,1607,SKINS,27
254,G,1608,SKINS,27
254,G,1609,SKINS,27
254,G,1610,SKINS,27
254,G,1611,SKINS,27
254,G,1612,SKINS,28
254,G,1613,SKINS,28
254,G,1614,SKINS,28
254,G,1615,SKINS,28
254,G,1616,SKINS,28
254,G,1617,SKINS,28
254,G,1618,SKINS,28
254,G,1619,SKINS,28
254,G,1620,SKINS,28
254,G,1621,SKINS,28
254,G,1622,SKINS,28
254,G,1623,SKINS,28
254,G,1624,SKINS,28
254,G,1625,SKINS,28
254,G,1626,SKINS,28
254,G,1627,SKINS,28
254,G,1628,SKINS,28
254,G,1629,SKINS,28
254,G,1630,SKINS,28
254,G,1631,SKINS,28
254,G,1632,SKINS,28
254,G,1633,SKINS,28
254,G,1634,SKINS,28
254,G,1635,SKINS,28
254,G,1636,SKINS,28
254,G,1637,SKINS,28
254,G,1638,SKINS,28
254,G,1640,SKINS,28
254,G,1641,SKINS,28
254,G,1642,SKINS,28
254,G,1643,SKINS,28
254,G,1644,SKINS,28
254,G,1645,SKINS,28
254,G,1646,SKINS,28
254,G,1647,SKINS,28
254,G,1648,SKINS,28
254,G,1649,SKINS,28
254,G,1650,SKINS,28
254,G,1651,SKINS,28
254,G,1652,SKINS,28
254,G,1653,SKINS,28
254,G,1654,SKINS,28
254,G,1655,SKINS,28
254,G,1660,SKINS,28
254,G,1661,SKINS,28
254,G,1662,SKINS,28
254,G,1663,SKINS,28
254,G,1664,SKINS,28
254,G,1665,SKINS,28
254,G,1666,SKINS,28
254,G,1667,SKINS,28
254,G,1668,SKINS,28
254,G,1669,SKINS,28
254,G,1670,SKINS,28
254,G,1671,SKINS,28
254,G,1672,SKINS,28
254,G,1673,SKINS,28
254,G,1674,SKINS,28
254,G,1677,SKINS,28
254,G,1678,SKINS,28
254,G,1679,SKINS,28
254,G,1682,SKINS,28
254,G,1683,SKINS,28
254,G,1684,SKINS,28
254,G,1685,SKINS,28
254,G,1686,SKINS,28
254,G,1687,SKINS,28
254,G,1688,SKINS,28
254,G,1689,SKINS,28
254,G,1690,SKINS,28
254,G,1691,SKINS,28
254,G,1692,SKINS,28
254,G,1693,SKINS,28
254,G,1694,SKINS,28
254,G,1695,SKINS,28
254,G,1697,SKINS,28
254,G,1698,SKINS,28
254,G,1699,SKINS,28
25543,E,144891,SKINS,28
2556,E,23602,SKINS,28
25949,E,144907,SKINS,28
26008,E,144918,SKINS,28
2607,E,23603,SKINS,28
26186,E,144975,SKINS,28
2650,E,23613,SKINS,28
26505,G,149677,SKINS,28
26649,E,149691,SKINS,28
26650,E,149695,SKINS,28
26868,G,149780,SKINS,28
26902,E,149784,SKINS,28
26910,E,149799,SKINS,28
2703,E,23688,SKINS,28
27201,E,149868,SKINS,28
27207,E,149877,SKINS,28
2733,E,23718,SKINS,28
2733,E,23722,SKINS,28
27516,E,150023,SKINS,28
27535,E,150032,SKINS,28
2761,E,23751,SKINS,28
27698,E,150047,SKINS,28
28143,E,150516,SKINS,28
28143,E,150531,SKINS,28
28198,E,150685,SKINS,28
2826,E,23822,SKINS,28
2826,E,23824,SKINS,28
2826,E,23826,SKINS,28
2830,E,24224,SKINS,28
2830,E,24326,SKINS,28
2830,E,24350,SKINS,28
2830,E,24384,SKINS,28
2830,E,24497,SKINS,28
2830,E,24569,SKINS,28
2830,E,24736,SKINS,28
2830,E,24769,SKINS,28
2830,E,24774,SKINS,28
28578,E,150846,SKINS,28
28716,E,150902,SKINS,28
28719,E,150919,SKINS,28
28769,E,150982,SKINS,28
288,E,1778,SKINS,28
288,E,1794,SKINS,28
288,E,1797,SKINS,28
288,E,1798,SKINS,28
288,E,1801,SKINS,28
288,E,1804,SKINS,28
288,E,1806,SKINS,28
288,G,1777,SKINS,28
288,G,1785,SKINS,28
28874,E,151006,SKINS,28
28874,E,151012,SKINS,28
28894,E,151109,SKINS,28
28904,E,151131,SKINS,28
28919,E,151161,SKINS,29
29180,E,151251,SKINS,29
29372,E,151363,SKINS,29
2950,E,24787,SKINS,29
29544,E,151435,SKINS,29
29549,E,151450,SKINS,29
29594,E,151505,SKINS,29
29603,E,151517,SKINS,29
2975,E,25295,SKINS,29
2975,E,25296,SKINS,29
2975,E,25401,SKINS,29
2975,E,25495,SKINS,29
2975,E,25525,SKINS,29
2975,E,25526,SKINS,29
2975,E,25585,SKINS,29
2975,E,25587,SKINS,29
2975,E,25612,SKINS,29
2975,E,25642,SKINS,29
2975,E,25647,SKINS,29
2989,E,25711,SKINS,29
2989,E,25713,SKINS,29
2989,E,25934,SKINS,29
2989,E,25953,SKINS,29
2989,E,25975,SKINS,29
2989,E,25989,SKINS,29
2989,E,26002,SKINS,29
2989,E,26028,SKINS,29
2989,E,26086,SKINS,29
2997,E,26153,SKINS,29
2997,E,26169,SKINS,29
29988,E,151701,SKINS,29
30138,E,151799,SKINS,29
30139,E,151825,SKINS,29
30154,E,151853,SKINS,29
3029,E,26258,SKINS,29
30518,E,152269,SKINS,29
30588,E,152302,SKINS,29
30588,E,152303,SKINS,29
30630,E,152359,SKINS,29
30633,E,152374,SKINS,29
30646,E,152403,SKINS,29
3066,E,26281,SKINS,29
3066,E,26282,SKINS,29
3066,E,26296,SKINS,29
3066,E,26338,SKINS,29
3066,E,26363,SKINS,29
30696,E,152519,SKINS,29
30892,E,152717,SKINS,29
30893,E,152718,SKINS,29
31031,E,152770,SKINS,29
31162,D,167841,SKINS,29
31162,E,152914,SKINS,29
31162,E,152918,SKINS,29
31165,E,152942,SKINS,29
31172,E,152965,SKINS,29
3119,E,26837,SKINS,29
3123,E,26403,SKINS,29
3123,E,26435,SKINS,29
3123,E,26570,SKINS,29
3123,E,26593,SKINS,29
3123,E,26657,SKINS,29
3123,E,26668,SKINS,29
3123,E,26703,SKINS,29
3123,E,26719,SKINS,29
3123,E,26769,SKINS,29
3123,E,26836,SKINS,29
31239,E,153153,SKINS,29
31501,E,153847,SKINS,29
31616,D,167842,SKINS,29
31636,G,154108,SKINS,29
31762,D,167840,SKINS,29
3181,E,26880,SKINS,29
3182,E,26926,SKINS,29
3182,E,26927,SKINS,29
3182,E,26945,SKINS,29
3182,E,27078,SKINS,29
3182,E,27097,SKINS,29
3182,E,27303,SKINS,29
3182,E,27366,SKINS,29
3192,E,27392,SKINS,29
3192,E,27405,SKINS,29
3192,E,27412,SKINS,29
3192,E,27413,SKINS,29
3192,E,27415,SKINS,29
3192,G,27403,SKINS,29
32061,E,154577,SKINS,29
32584,E,166868,SKINS,29
3273,D,27418,SKINS,29
32789,D,167080,SKINS,29
32789,E,167077,SKINS,29
3283,E,27451,SKINS,29
3283,E,27462,SKINS,29
3283,E,27465,SKINS,29
3283,E,27471,SKINS,29
32924,E,167216,SKINS,29
33382,E,167485,SKINS,29
33436,E,167713,SKINS,29
3346,E,27498,SKINS,29
335,E,1809,SKINS,29
3364,D,27745,SKINS,29
3386,E,27757,SKINS,29
3386,E,27759,SKINS,29
3386,E,27761,SKINS,29
3386,E,27762,SKINS,29
3386,E,27763,SKINS,29
3386,E,27774,SKINS,29
3386,E,27777,SKINS,29
3386,E,27778,SKINS,29
3386,E,27825,SKINS,29
3386,E,27827,SKINS,30
3386,E,27834,SKINS,30
34209,G,168697,SKINS,30
346,E,1812,SKINS,30
346,E,1814,SKINS,30
346,E,1816,SKINS,30
346,E,1817,SKINS,30
346,E,1819,SKINS,30
346,E,1820,SKINS,30
346,E,1821,SKINS,30
346,E,1825,SKINS,30
346,E,1826,SKINS,30
3464,E,28042,SKINS,30
3464,E,28210,SKINS,30
3464,E,28293,SKINS,30
3464,E,28510,SKINS,30
3464,E,28938,SKINS,30
3464,E,29116,SKINS,30
3464,E,29154,SKINS,30
3464,E,29205,SKINS,30
34719,E,169556,SKINS,30
3482,E,29402,SKINS,30
3482,E,29462,SKINS,30
3482,E,29489,SKINS,30
3482,E,29528,SKINS,30
3482,E,29529,SKINS,30
3482,E,29536,SKINS,30
3482,E,29537,SKINS,30
3482,E,29543,SKINS,30
3482,E,29545,SKINS,30
3482,E,29547,SKINS,30
3482,E,29614,SKINS,30
3482,E,29619,SKINS,30
3482,E,29629,SKINS,30
3482,E,29633,SKINS,30
3482,E,29642,SKINS,30
3482,E,29643,SKINS,30
3482,E,29644,SKINS,30
3482,E,29645,SKINS,30
3488,E,29669,SKINS,30
3488,E,29678,SKINS,30
3488,E,29784,SKINS,30
3488,E,29787,SKINS,30
3488,E,29799,SKINS,30
3488,E,29812,SKINS,30
3488,E,29813,SKINS,30
3574,G,29856,SKINS,30
3588,E,30062,SKINS,30
3588,E,30139,SKINS,30
3588,E,30186,SKINS,30
3588,E,30224,SKINS,30
3588,E,30268,SKINS,30
3588,E,30302,SKINS,30
3663,E,29865,SKINS,30
3663,E,29867,SKINS,30
3665,E,30408,SKINS,30
3665,E,30471,SKINS,30
3665,E,30492,SKINS,30
3749,E,30613,SKINS,30
3749,E,30655,SKINS,30
3749,E,30661,SKINS,30
3749,E,30683,SKINS,30
3749,E,30698,SKINS,30
3749,E,30724,SKINS,30
3749,E,30729,SKINS,30
3749,E,30733,SKINS,30
3749,G,30644,SKINS,30
3749,G,30684,SKINS,30
3749,G,30695,SKINS,30
3786,E,30740,SKINS,30
3786,E,30753,SKINS,30
3786,E,30754,SKINS,30
3786,E,30756,SKINS,30
3786,E,30786,SKINS,30
3786,E,30795,SKINS,30
3786,E,30799,SKINS,30
3786,E,30814,SKINS,30
3786,E,30853,SKINS,30
3786,E,30874,SKINS,30
3918,E,30915,SKINS,31
3918,E,30916,SKINS,31
3918,E,30919,SKINS,31
3918,E,30928,SKINS,31
3918,E,30942,SKINS,31
3918,E,30969,SKINS,31
3918,E,30988,SKINS,31
3918,E,30990,SKINS,31
3918,E,31040,SKINS,31
3918,E,31042,SKINS,31
3918,E,31043,SKINS,31
3918,E,31048,SKINS,31
3918,E,31055,SKINS,31
3918,E,31063,SKINS,31
3918,E,31067,SKINS,31
3918,E,31069,SKINS,31
3918,E,31071,SKINS,31
3918,E,31073,SKINS,31
3918,E,31082,SKINS,31
3918,E,31091,SKINS,31
3918,E,31099,SKINS,32
3918,E,31124,SKINS,32
3918,E,31136,SKINS,32
3918,E,31146,SKINS,32
3918,E,31149,SKINS,32
3918,E,31150,SKINS,32
3918,E,31151,SKINS,32
3918,E,31152,SKINS,32
3918,E,31157,SKINS,32
3918,G,30891,SKINS,32
3918,G,31142,SKINS,32
3920,E,31161,SKINS,32
3923,E,31167,SKINS,32
3925,E,31170,SKINS,32
3926,E,31173,SKINS,32
3926,E,31177,SKINS,32
3926,E,31178,SKINS,32
3926,E,31179,SKINS,32
3926,E,31180,SKINS,32
3926,E,31181,SKINS,32
3926,E,31183,SKINS,32
3926,E,31186,SKINS,32
3926,E,31195,SKINS,32
3926,E,31205,SKINS,32
3926,E,31207,SKINS,32
3926,E,31208,SKINS,32
3926,E,31209,SKINS,32
3926,E,31210,SKINS,32
3926,E,31216,SKINS,32
3926,E,31223,SKINS,32
3926,E,31226,SKINS,32
3926,E,31227,SKINS,32
3927,E,31235,SKINS,32
3927,E,31239,SKINS,32
3927,E,31250,SKINS,32
3927,E,31294,SKINS,32
3927,E,31298,SKINS,32
3927,E,31332,SKINS,32
3927,E,31337,SKINS,32
3927,E,31352,SKINS,32
3927,E,31395,SKINS,32
3927,E,31397,SKINS,32
3927,E,31421,SKINS,32
3927,E,31428,SKINS,32
3927,E,31456,SKINS,32
3927,E,31463,SKINS,32
3927,E,31466,SKINS,32
3927,E,31469,SKINS,32
4064,E,31924,SKINS,32
4064,E,32021,SKINS,32
4064,E,32093,SKINS,32
4064,E,32171,SKINS,32
4064,E,32238,SKINS,32
4064,E,32276,SKINS,32
4064,E,32286,SKINS,32
4064,E,32335,SKINS,32
4064,E,32376,SKINS,32
4064,E,32426,SKINS,32
4064,E,32451,SKINS,32
4064,E,32492,SKINS,32
4064,E,32527,SKINS,32
4143,E,32568,SKINS,32
4143,E,32587,SKINS,32
4173,E,32597,SKINS,32
4174,E,32627,SKINS,32
4176,E,32629,SKINS,32
4176,E,32660,SKINS,32
4176,E,32697,SKINS,32
4225,E,32760,SKINS,32
4225,E,32782,SKINS,32
4225,E,32791,SKINS,32
4225,E,32804,SKINS,32
4225,E,32814,SKINS,32
4225,E,32901,SKINS,32
4225,E,32997,SKINS,32
4225,E,33020,SKINS,32
4225,E,33043,SKINS,32
4225,E,33044,SKINS,32
4226,E,33129,SKINS,32
4226,E,33188,SKINS,32
4226,E,33202,SKINS,32
4226,E,33220,SKINS,32
4226,E,33226,SKINS,32
4226,E,33340,SKINS,32
4226,E,33392,SKINS,32
4226,E,33393,SKINS,32
4226,E,33394,SKINS,32
4226,E,33399,SKINS,32
4226,E,33403,SKINS,32
4226,E,33442,SKINS,32
4226,E,33496,SKINS,32
4226,E,33520,SKINS,32
4226,E,33571,SKINS,32
4226,E,33573,SKINS,32
4226,E,33683,SKINS,32
4226,E,33716,SKINS,32
4226,E,33796,SKINS,32
4226,E,33855,SKINS,32
4226,E,33910,SKINS,32
4226,E,33990,SKINS,32
4226,E,34021,SKINS,32
4226,E,34022,SKINS,32
4226,E,34028,SKINS,32
4226,E,34052,SKINS,32
4226,E,34068,SKINS,32
4226,E,34100,SKINS,32
4226,E,34119,SKINS,32
4226,E,34191,SKINS,32
4226,E,34271,SKINS,32
4243,E,34364,SKINS,32
4272,E,34395,SKINS,32
4273,E,34420,SKINS,32
4273,E,34453,SKINS,32
4273,E,34528,SKINS,32
4293,E,34591,SKINS,32
4293,E,34600,SKINS,32
4315,E,34604,SKINS,32
4315,E,34619,SKINS,32
4315,E,34745,SKINS,32
4315,E,34747,SKINS,32
4315,E,34756,SKINS,32
4315,E,34779,SKINS,32
4315,E,34825,SKINS,32
4315,E,34829,SKINS,32
4315,E,34830,SKINS,32
4315,E,34868,SKINS,32
4315,E,34902,SKINS,32
4315,E,34931,SKINS,32
4315,E,34933,SKINS,32
4315,E,34945,SKINS,32
4315,E,34956,SKINS,32
4315,E,34958,SKINS,32
4315,E,34995,SKINS,32
4315,E,35004,SKINS,32
4315,E,35031,SKINS,32
4315,E,35043,SKINS,32
4315,E,35060,SKINS,32
4315,E,35083,SKINS,32
4315,E,35097,SKINS,32
4315,E,35109,SKINS,32
4315,E,35113,SKINS,33
4315,E,35114,SKINS,33
4315,E,35116,SKINS,33
4315,E,35117,SKINS,33
4315,E,35123,SKINS,33
4315,E,35129,SKINS,33
4315,E,35134,SKINS,33
4315,E,35177,SKINS,33
4315,E,35225,SKINS,33
4315,E,35229,SKINS,33
4315,E,35242,SKINS,33
4315,E,35244,SKINS,33
4315,E,35262,SKINS,33
4315,E,35331,SKINS,33
4315,E,35351,SKINS,33
4316,E,35372,SKINS,33
4316,E,35391,SKINS,33
4316,E,35413,SKINS,33
4316,E,35447,SKINS,33
4316,E,35460,SKINS,33
4316,E,35492,SKINS,33
4316,E,35552,SKINS,33
4316,E,35608,SKINS,33
4316,E,35693,SKINS,33
4316,E,35740,SKINS,33
4316,E,35844,SKINS,33
4316,E,35970,SKINS,33
4316,E,36054,SKINS,33
4316,E,36061,SKINS,33
4374,E,36122,SKINS,33
4375,E,36123,SKINS,33
4375,E,36127,SKINS,33
4424,E,36152,SKINS,33
4425,E,36261,SKINS,33
4425,E,36294,SKINS,33
4425,E,36327,SKINS,33
4425,E,36330,SKINS,33
4425,E,36362,SKINS,33
4425,E,36364,SKINS,33
4425,E,36382,SKINS,33
4425,E,36496,SKINS,33
4425,E,36509,SKINS,33
4425,E,36510,SKINS,33
4425,E,36526,SKINS,33
4425,E,36571,SKINS,33
4425,E,36577,SKINS,33
4425,E,36578,SKINS,33
4425,E,36597,SKINS,33
4425,E,36604,SKINS,33
4425,E,36618,SKINS,33
4425,E,36621,SKINS,33
4425,E,36641,SKINS,33
4425,E,36684,SKINS,33
4425,E,36685,SKINS,33
4425,E,36699,SKINS,33
4425,E,36719,SKINS,33
4425,E,36793,SKINS,33
4425,E,36796,SKINS,33
4425,E,36807,SKINS,33
4425,E,36832,SKINS,33
4425,E,36833,SKINS,33
4425,E,36862,SKINS,33
4425,E,36869,SKINS,33
4425,E,36902,SKINS,33
4425,E,36960,SKINS,33
4425,E,36961,SKINS,33
4425,E,36988,SKINS,33
4425,E,37010,SKINS,33
4425,E,37042,SKINS,33
4425,E,37056,SKINS,33
4425,E,37152,SKINS,33
4425,E,37183,SKINS,33
4425,E,37215,SKINS,33
4425,E,37216,SKINS,33
4425,E,37222,SKINS,33
4425,E,37226,SKINS,33
4425,E,37228,SKINS,33
4425,E,37232,SKINS,33
4425,E,37241,SKINS,33
4425,E,37260,SKINS,33
4425,E,37307,SKINS,33
4425,E,37346,SKINS,33
4425,E,37376,SKINS,33
4425,E,37393,SKINS,33
4425,E,37412,SKINS,33
4425,E,37429,SKINS,33
4425,E,37431,SKINS,33
4425,E,37439,SKINS,33
4425,E,37443,SKINS,33
4425,E,37472,SKINS,33
4425,E,37476,SKINS,33
4425,E,37510,SKINS,33
4425,E,37534,SKINS,33
4425,E,37538,SKINS,33
4425,E,37560,SKINS,33
4505,E,37563,SKINS,33
4505,E,37564,SKINS,33
4505,E,37566,SKINS,33
4505,E,37567,SKINS,33
4505,E,37568,SKINS,33
4505,E,37569,SKINS,33
4505,E,37570,SKINS,33
4505,E,37571,SKINS,33
4505,E,37572,SKINS,33
4505,E,37574,SKINS,33
4505,E,37576,SKINS,33
4505,E,37579,SKINS,33
4505,E,37580,SKINS,33
4505,E,37582,SKINS,33
4505,E,37583,SKINS,33
4505,E,37584,SKINS,33
4505,E,37585,SKINS,33
4505,E,37593,SKINS,33
4505,E,37595,SKINS,33
4505,E,37596,SKINS,33
4505,E,37597,SKINS,33
4505,E,37598,SKINS,33
4505,E,37600,SKINS,33
4505,E,37602,SKINS,33
4505,E,37603,SKINS,33
4505,E,37604,SKINS,33
4505,E,37605,SKINS,33
4505,E,37606,SKINS,33
4505,E,37607,SKINS,33
4505,E,37608,SKINS,33
4505,E,37609,SKINS,33
4505,E,37610,SKINS,33
4505,E,37612,SKINS,33
4505,E,37613,SKINS,33
4505,E,37615,SKINS,33
4505,E,37616,SKINS,33
4505,E,37617,SKINS,33
4505,E,37619,SKINS,33
4505,E,37620,SKINS,33
4505,E,37621,SKINS,33
4505,E,37622,SKINS,33
4505,E,37623,SKINS,33
4505,E,37624,SKINS,33
4505,E,37625,SKINS,33
4505,E,37626,SKINS,33
4505,E,37627,SKINS,33
4505,E,37628,SKINS,33
4505,E,37629,SKINS,33
4505,E,37630,SKINS,33
4505,E,37631,SKINS,33
4505,E,37632,SKINS,33
4505,E,37633,SKINS,33
4505,E,37634,SKINS,33
4505,E,37638,SKINS,33
4505,E,37639,SKINS,33
4532,E,37661,SKINS,33
4532,E,37662,SKINS,33
4532,E,37729,SKINS,34
4532,E,37738,SKINS,34
4532,E,37742,SKINS,34
4532,E,37756,SKINS,34
4532,E,37781,SKINS,34
4532,E,37866,SKINS,34
4532,E,37874,SKINS,34
4532,E,37883,SKINS,34
4532,E,37886,SKINS,34
4532,E,37900,SKINS,34
4532,E,37901,SKINS,34
4532,E,37918,SKINS,34
4532,E,37927,SKINS,34
4532,E,37928,SKINS,34
4532,E,37930,SKINS,34
4532,E,37933,SKINS,34
4532,E,37939,SKINS,34
4532,E,37943,SKINS,34
4532,E,37948,SKINS,34
4532,E,37964,SKINS,34
4532,E,38022,SKINS,34
4532,E,38029,SKINS,34
4532,E,38032,SKINS,34
4532,E,38044,SKINS,34
4532,E,38057,SKINS,34
4532,E,38148,SKINS,34
4532,E,38165,SKINS,34
4532,E,38167,SKINS,34
4532,E,38168,SKINS,34
4532,E,38188,SKINS,34
4536,E,38211,SKINS,34
4536,E,38215,SKINS,34
4536,E,38226,SKINS,34
4536,E,38231,SKINS,34
4536,E,38287,SKINS,34
4536,E,38329,SKINS,34
4536,E,38330,SKINS,34
4536,E,38341,SKINS,34
4536,E,38343,SKINS,34
4536,E,38358,SKINS,34
4536,E,38360,SKINS,34
4536,E,38365,SKINS,34
4536,E,38367,SKINS,34
4536,E,38369,SKINS,34
4536,E,38374,SKINS,34
4536,E,38375,SKINS,34
4536,E,38379,SKINS,34
4536,E,38402,SKINS,34
4536,E,38412,SKINS,34
4536,E,38418,SKINS,34
4536,E,38436,SKINS,34
4536,E,38449,SKINS,34
4536,E,38462,SKINS,34
4536,E,38465,SKINS,34
4536,E,38466,SKINS,34
4536,E,38467,SKINS,34
4590,E,38476,SKINS,34
4590,E,38488,SKINS,34
4590,E,38490,SKINS,34
4590,E,38557,SKINS,34
4592,E,38584,SKINS,34
4741,E,38589,SKINS,34
4741,E,38593,SKINS,34
4741,E,38595,SKINS,34
4742,E,38627,SKINS,34
4742,E,38647,SKINS,34
4742,E,38702,SKINS,34
4742,E,38703,SKINS,34
4742,E,38714,SKINS,34
4742,E,38732,SKINS,34
4742,E,38781,SKINS,34
4743,E,38879,SKINS,34
4743,E,38899,SKINS,34
4743,E,38927,SKINS,34
4743,E,38937,SKINS,34
4743,E,38944,SKINS,34
4743,E,38947,SKINS,34
4743,E,38962,SKINS,34
4743,E,38970,SKINS,34
4743,E,38993,SKINS,34
4743,E,39009,SKINS,34
4743,E,39033,SKINS,34
4743,E,39053,SKINS,34
4743,E,39061,SKINS,34
4743,E,39063,SKINS,34
4743,E,39072,SKINS,34
4743,E,39121,SKINS,34
4743,E,39131,SKINS,34
4743,E,39162,SKINS,34
4743,E,39179,SKINS,34
4743,E,39201,SKINS,34
4743,E,39217,SKINS,34
4743,E,39223,SKINS,34
4743,E,39234,SKINS,34
4743,E,39241,SKINS,34
4743,E,39253,SKINS,34
4743,E,39263,SKINS,34
4743,E,39266,SKINS,34
4743,E,39267,SKINS,34
4743,E,39281,SKINS,34
4743,E,39332,SKINS,34
4743,E,39355,SKINS,34
4743,E,39367,SKINS,34
4743,E,39374,SKINS,34
4743,E,39375,SKINS,34
4743,E,39379,SKINS,34
4743,E,39403,SKINS,34
478,G,1843,SKINS,34
4809,E,39471,SKINS,34
4809,E,39515,SKINS,34
4809,E,39532,SKINS,34
4809,E,39544,SKINS,34
4809,E,39553,SKINS,34
4809,E,39575,SKINS,34
4809,E,39583,SKINS,34
4809,E,39584,SKINS,34
4809,E,39652,SKINS,34
4809,E,39654,SKINS,34
4809,E,39691,SKINS,34
4809,E,39713,SKINS,34
4809,E,39721,SKINS,34
4809,E,39750,SKINS,34
4809,E,39752,SKINS,34
4809,E,39761,SKINS,34
4809,E,39777,SKINS,34
4809,E,39844,SKINS,34
4809,E,39870,SKINS,34
4809,E,39887,SKINS,34
4809,E,39890,SKINS,34
4814,E,40035,SKINS,34
4814,E,40042,SKINS,34
4814,E,40355,SKINS,34
4814,E,40356,SKINS,34
4814,E,40366,SKINS,34
4814,E,40370,SKINS,34
4814,E,40372,SKINS,34
4814,E,40374,SKINS,34
4814,E,40379,SKINS,34
4814,E,40394,SKINS,34
4814,E,40432,SKINS,34
4814,E,40437,SKINS,34
4814,E,40465,SKINS,34
4814,E,40468,SKINS,34
4814,E,40472,SKINS,35
4814,E,40521,SKINS,35
4814,E,40557,SKINS,35
4814,E,40567,SKINS,35
4814,E,40579,SKINS,35
4814,E,40586,SKINS,35
4814,E,40595,SKINS,35
4814,E,40597,SKINS,35
4814,E,40598,SKINS,35
4814,E,40599,SKINS,35
4814,E,40600,SKINS,35
4814,E,40602,SKINS,35
4814,E,40605,SKINS,35
4814,E,111162,SKINS,35
4814,E,111188,SKINS,35
4814,E,111190,SKINS,35
4814,E,111196,SKINS,35
4814,E,111202,SKINS,35
4814,E,111205,SKINS,35
4814,E,111215,SKINS,35
4814,E,114715,SKINS,35
4876,E,39898,SKINS,35
4876,E,39929,SKINS,35
4876,E,39945,SKINS,35
4876,E,39947,SKINS,35
4876,E,39958,SKINS,35
4876,E,39977,SKINS,35
4876,E,39981,SKINS,35
4876,E,39992,SKINS,35
4876,E,39993,SKINS,35
4877,E,41109,SKINS,35
4877,E,41146,SKINS,35
4877,E,41159,SKINS,35
4877,E,41160,SKINS,35
4877,E,41183,SKINS,35
4877,E,41184,SKINS,35
4877,E,41221,SKINS,35
4877,E,41222,SKINS,35
4877,E,41233,SKINS,35
4877,E,41257,SKINS,35
4877,E,41296,SKINS,35
4877,E,41316,SKINS,35
4877,E,41327,SKINS,35
4877,E,41333,SKINS,35
4877,E,41345,SKINS,35
4877,E,41348,SKINS,35
4877,E,41367,SKINS,35
4877,E,41372,SKINS,35
4877,E,41375,SKINS,35
4877,E,41376,SKINS,35
4877,E,41387,SKINS,35
4877,E,41393,SKINS,35
4877,E,41396,SKINS,35
4878,E,41407,SKINS,35
4908,E,41408,SKINS,35
4908,E,41409,SKINS,35
4908,E,41410,SKINS,35
4908,E,41412,SKINS,35
4908,E,41413,SKINS,35
4908,E,41414,SKINS,35
4908,E,41415,SKINS,35
4908,E,41417,SKINS,35
4908,E,41418,SKINS,35
4908,E,41421,SKINS,35
4908,E,41423,SKINS,35
4908,E,41425,SKINS,35
4908,E,41427,SKINS,35
4908,E,41429,SKINS,35
4908,E,41430,SKINS,35
4908,E,41431,SKINS,35
4908,E,41433,SKINS,35
4908,E,41434,SKINS,35
4908,E,41436,SKINS,35
4908,E,41437,SKINS,35
4908,E,41439,SKINS,35
4908,E,41440,SKINS,35
4908,E,41449,SKINS,35
4908,E,41451,SKINS,35
4908,E,41453,SKINS,35
4908,E,41455,SKINS,35
4908,E,41456,SKINS,35
4908,E,41457,SKINS,35
4908,E,41458,SKINS,35
4908,E,41459,SKINS,35
4908,E,41460,SKINS,35
4908,E,41461,SKINS,35
4908,E,41462,SKINS,35
4908,E,41465,SKINS,35
4908,E,41466,SKINS,35
4908,E,41467,SKINS,35
4908,E,41470,SKINS,35
4908,E,41472,SKINS,35
4908,E,41474,SKINS,35
4908,E,41476,SKINS,35
4908,E,41478,SKINS,35
4908,E,41480,SKINS,35
4908,E,41481,SKINS,35
4908,E,41482,SKINS,35
4908,E,41483,SKINS,35
4908,E,41486,SKINS,35
4908,E,41490,SKINS,35
4908,E,41493,SKINS,35
4908,E,41497,SKINS,35
4908,E,41498,SKINS,35
4908,E,41499,SKINS,35
4908,E,41503,SKINS,35
4908,E,41504,SKINS,35
4908,E,41505,SKINS,35
4908,E,41506,SKINS,35
4908,E,41507,SKINS,35
4908,E,41508,SKINS,35
4908,E,41509,SKINS,35
4908,E,41510,SKINS,35
4908,E,41512,SKINS,35
4908,E,41513,SKINS,35
4908,E,41518,SKINS,35
4908,E,41520,SKINS,35
4908,E,41523,SKINS,35
4908,E,41524,SKINS,35
4908,E,41525,SKINS,35
4908,E,41526,SKINS,35
4908,E,41527,SKINS,35
4908,E,41531,SKINS,35
4908,E,41534,SKINS,35
4908,E,41535,SKINS,35
4908,E,41537,SKINS,35
4908,E,41538,SKINS,35
4908,E,41540,SKINS,35
4908,E,41541,SKINS,35
4908,E,41542,SKINS,35
4908,E,41543,SKINS,35
4908,E,41544,SKINS,35
4908,E,41545,SKINS,35
4908,E,41549,SKINS,35
4908,E,41551,SKINS,35
4908,E,41553,SKINS,35
4908,E,41554,SKINS,35
4908,E,41556,SKINS,35
4908,E,41557,SKINS,35
4908,E,41558,SKINS,35
4908,E,41559,SKINS,35
4908,E,41560,SKINS,35
4908,E,41562,SKINS,35
4908,E,41563,SKINS,35
4908,E,41564,SKINS,35
4908,E,41565,SKINS,35
4908,E,41566,SKINS,35
4908,E,41571,SKINS,35
4908,E,41574,SKINS,35
4908,E,41577,SKINS,35
4908,E,41578,SKINS,35
4908,E,41579,SKINS,35
4908,E,41581,SKINS,35
4908,E,41582,SKINS,36
4908,E,41583,SKINS,36
4908,E,41584,SKINS,36
4908,E,41585,SKINS,36
4908,E,41588,SKINS,36
4908,E,41589,SKINS,36
4908,E,41590,SKINS,36
4908,E,41591,SKINS,36
4908,E,41592,SKINS,36
4908,E,41593,SKINS,36
4908,E,41594,SKINS,36
4908,E,41595,SKINS,36
4908,E,41596,SKINS,36
4908,E,41599,SKINS,36
4908,E,41600,SKINS,36
4908,E,41602,SKINS,36
4908,E,41603,SKINS,36
4908,E,41605,SKINS,36
4908,E,41606,SKINS,36
4925,E,41657,SKINS,36
4928,E,41720,SKINS,36
4928,E,41723,SKINS,36
4928,E,41732,SKINS,36
4928,E,41753,SKINS,36
4928,E,41762,SKINS,36
4928,E,41778,SKINS,36
4928,E,41779,SKINS,36
4928,E,41797,SKINS,36
4928,E,41809,SKINS,36
4928,E,41810,SKINS,36
4928,E,41835,SKINS,36
4928,E,41836,SKINS,36
4928,E,41853,SKINS,36
4928,E,41971,SKINS,36
4928,E,41974,SKINS,36
4928,E,42063,SKINS,36
4928,E,42085,SKINS,36
4928,E,42123,SKINS,36
4928,E,42128,SKINS,36
4928,E,42132,SKINS,36
4928,E,42139,SKINS,36
4928,E,42145,SKINS,36
4928,E,42150,SKINS,36
4928,E,42156,SKINS,36
4928,E,42180,SKINS,36
4928,E,42186,SKINS,36
4928,E,42211,SKINS,36
4928,E,42230,SKINS,36
4928,E,42270,SKINS,36
4928,E,42319,SKINS,36
4928,E,42348,SKINS,36
4928,E,42349,SKINS,36
4928,E,42371,SKINS,36
4928,E,42397,SKINS,36
4946,E,42435,SKINS,36
4946,E,42472,SKINS,36
4946,E,42505,SKINS,36
4946,E,42661,SKINS,36
4946,E,42662,SKINS,36
4946,E,42787,SKINS,36
4946,E,42937,SKINS,36
4946,E,42951,SKINS,36
4946,E,42957,SKINS,36
497,E,1845,SKINS,36
4989,E,43087,SKINS,36
4989,E,43108,SKINS,36
4991,E,43301,SKINS,36
501,G,1846,SKINS,36
5032,E,43327,SKINS,36
5032,E,43340,SKINS,36
5032,E,43488,SKINS,36
5032,E,43495,SKINS,36
5032,E,43509,SKINS,36
5032,E,43564,SKINS,36
5033,E,43568,SKINS,36
5033,E,43569,SKINS,36
5034,E,43580,SKINS,36
5034,E,43591,SKINS,36
5034,E,43603,SKINS,36
5034,E,43626,SKINS,36
5034,E,43635,SKINS,36
5034,E,43659,SKINS,36
5034,E,43671,SKINS,36
5034,E,43676,SKINS,36
5034,E,43677,SKINS,36
5034,E,43681,SKINS,36
5034,E,43682,SKINS,36
5034,E,43694,SKINS,36
5034,E,43697,SKINS,36
5034,E,43721,SKINS,36
5034,E,43731,SKINS,36
5034,E,43741,SKINS,36
5034,E,43760,SKINS,36
5034,E,43763,SKINS,36
5034,E,43770,SKINS,36
5034,E,43781,SKINS,36
5034,E,43784,SKINS,36
5034,E,43785,SKINS,36
5034,E,43804,SKINS,36
5034,E,43836,SKINS,36
5034,E,43846,SKINS,36
5034,E,43851,SKINS,36
5034,E,43856,SKINS,36
5034,E,43859,SKINS,36
5034,E,43860,SKINS,36
5034,E,43862,SKINS,36
5034,E,43876,SKINS,36
5034,E,43883,SKINS,36
5034,E,43893,SKINS,36
5034,E,43896,SKINS,36
5034,E,43897,SKINS,36
5034,E,43903,SKINS,36
5034,E,43906,SKINS,36
5034,E,43918,SKINS,36
5034,E,43925,SKINS,36
5034,E,43926,SKINS,36
5034,E,43933,SKINS,36
5034,E,43938,SKINS,36
5034,E,43939,SKINS,36
5034,E,43946,SKINS,36
5034,E,43947,SKINS,36
5034,E,43952,SKINS,36
5034,E,43955,SKINS,36
5034,E,43962,SKINS,36
5034,E,43965,SKINS,36
5034,E,43972,SKINS,36
5034,E,43976,SKINS,36
5034,E,43982,SKINS,36
5034,E,43991,SKINS,36
5034,E,43999,SKINS,36
5034,E,44003,SKINS,36
5034,E,44004,SKINS,36
5034,E,44014,SKINS,36
5034,E,44015,SKINS,36
5034,E,44016,SKINS,36
5034,E,44017,SKINS,37
5034,E,44018,SKINS,37
5034,E,44020,SKINS,37
5034,E,44023,SKINS,37
5034,E,44024,SKINS,37
5034,E,44035,SKINS,37
5034,E,44043,SKINS,37
5034,E,44044,SKINS,37
5034,E,44048,SKINS,37
5034,E,44062,SKINS,37
5034,E,44063,SKINS,37
5034,E,44064,SKINS,37
5034,E,44079,SKINS,37
5034,E,44081,SKINS,37
5034,E,44085,SKINS,37
5034,E,44086,SKINS,37
5034,E,44090,SKINS,37
5034,E,44091,SKINS,37
5034,E,44097,SKINS,37
5034,E,44098,SKINS,37
5034,E,44099,SKINS,37
5034,E,44100,SKINS,37
504,D,1854,SKINS,37
504,D,1860,SKINS,37
504,D,1887,SKINS,37
504,E,1896,SKINS,37
504,E,1900,SKINS,37
504,E,1918,SKINS,37
504,E,1936,SKINS,37
504,E,1941,SKINS,37
504,E,1970,SKINS,37
504,G,1867,SKINS,37
504,G,1868,SKINS,37
504,C,1874,SKINS,37
504,G,1877,SKINS,37
504,G,1879,SKINS,37
504,G,1880,SKINS,37
504,G,1892,SKINS,37
504,G,1894,SKINS,37
504,G,1973,SKINS,37
5110,E,44143,SKINS,37
5133,E,44236,SKINS,37
5133,E,44237,SKINS,37
5133,E,44271,SKINS,37
5133,E,44284,SKINS,37
516,E,1979,SKINS,37
5168,E,44327,SKINS,37
5168,E,44354,SKINS,37
5168,E,44361,SKINS,37
5168,E,44413,SKINS,37
5168,E,44416,SKINS,37
5168,E,44417,SKINS,37
5168,E,44567,SKINS,37
5168,E,44612,SKINS,37
5168,E,44685,SKINS,37
5168,E,44690,SKINS,37
5168,E,44710,SKINS,37
5168,E,44711,SKINS,37
5168,E,44746,SKINS,37
5168,E,44770,SKINS,37
5168,E,44813,SKINS,37
5168,E,44853,SKINS,37
5168,E,44867,SKINS,37
5168,E,44909,SKINS,37
5168,E,44934,SKINS,37
5168,E,44936,SKINS,37
5168,E,44979,SKINS,37
5168,E,44989,SKINS,37
5168,E,45012,SKINS,37
5168,E,45030,SKINS,37
5168,E,45039,SKINS,37
5168,E,45087,SKINS,37
5168,E,45106,SKINS,37
5168,E,45115,SKINS,37
5168,E,45121,SKINS,37
5168,E,45122,SKINS,37
5168,E,45140,SKINS,37
5168,E,45142,SKINS,37
5168,E,45168,SKINS,37
5168,E,45169,SKINS,37
5168,E,45170,SKINS,37
5168,E,45215,SKINS,37
5168,E,45265,SKINS,37
5168,E,45267,SKINS,37
5168,E,45286,SKINS,37
5168,E,45294,SKINS,37
5168,E,45328,SKINS,37
5168,E,45341,SKINS,37
5168,E,45348,SKINS,37
5168,E,45359,SKINS,37
5168,E,45362,SKINS,37
5168,E,45375,SKINS,37
5168,E,45378,SKINS,37
5168,E,45392,SKINS,37
5168,E,45408,SKINS,37
5168,E,45409,SKINS,37
5168,E,45412,SKINS,37
5168,E,45414,SKINS,37
5168,E,45415,SKINS,37
5168,E,45421,SKINS,37
5168,E,45422,SKINS,37
5168,E,45496,SKINS,37
5168,E,45498,SKINS,37
5168,E,45501,SKINS,37
5168,E,45503,SKINS,37
5168,E,45513,SKINS,37
5168,E,45516,SKINS,37
5168,E,45522,SKINS,37
5168,E,45557,SKINS,37
5168,E,45597,SKINS,37
5168,E,45602,SKINS,37
5168,E,45627,SKINS,37
5168,E,45635,SKINS,37
5168,E,45640,SKINS,37
5168,E,45642,SKINS,37
5168,E,45666,SKINS,37
5168,E,45673,SKINS,38
5168,E,45674,SKINS,38
5170,E,45691,SKINS,38
5170,E,45694,SKINS,38
5170,E,45702,SKINS,38
5170,E,45730,SKINS,38
5226,E,45815,SKINS,38
5226,E,45818,SKINS,38
5226,E,45921,SKINS,38
5226,E,45929,SKINS,38
5226,E,45955,SKINS,38
5226,E,45958,SKINS,38
526,E,2007,SKINS,38
5260,E,46034,SKINS,38
5318,E,46090,SKINS,38
5318,E,46091,SKINS,38
5318,E,46100,SKINS,38
5318,E,46106,SKINS,38
5318,E,46113,SKINS,38
5318,E,46124,SKINS,38
5318,E,46126,SKINS,38
5318,E,46132,SKINS,38
5318,E,46138,SKINS,38
5318,E,46140,SKINS,38
5318,E,46169,SKINS,38
5318,E,46171,SKINS,38
5318,E,46175,SKINS,38
5318,E,46200,SKINS,38
5318,E,46204,SKINS,38
5318,E,46231,SKINS,38
5318,E,46242,SKINS,38
5318,E,46250,SKINS,38
5318,E,46254,SKINS,38
5318,E,46256,SKINS,38
5318,E,46277,SKINS,38
5318,E,46280,SKINS,38
5318,E,46288,SKINS,38
5318,E,46290,SKINS,38
5318,E,46341,SKINS,38
5318,E,46355,SKINS,38
5318,E,46359,SKINS,38
5318,E,46379,SKINS,38
5318,E,46390,SKINS,38
5318,E,46413,SKINS,38
5318,E,46417,SKINS,38
5318,E,46430,SKINS,38
5318,E,46454,SKINS,38
5318,E,46458,SKINS,38
5318,E,46477,SKINS,38
5318,E,46496,SKINS,38
5318,E,46529,SKINS,38
5318,E,46543,SKINS,38
5318,E,46549,SKINS,38
5318,E,46555,SKINS,38
5318,E,46556,SKINS,38
5318,E,46568,SKINS,38
5318,E,46570,SKINS,38
5318,E,46590,SKINS,38
5318,E,46591,SKINS,38
5318,E,46592,SKINS,38
5318,E,46604,SKINS,38
5318,E,46606,SKINS,38
5318,E,46617,SKINS,38
5318,E,46619,SKINS,38
5318,E,46630,SKINS,38
5318,E,46633,SKINS,38
5318,E,46649,SKINS,38
5318,E,46680,SKINS,38
5318,E,46687,SKINS,38
5318,E,46711,SKINS,38
5318,E,46713,SKINS,38
5318,E,46717,SKINS,38
5318,E,46718,SKINS,38
5318,E,46738,SKINS,38
5318,E,46743,SKINS,38
5318,E,46748,SKINS,38
5318,E,46751,SKINS,38
5318,E,46752,SKINS,38
5318,E,46753,SKINS,38
5318,E,46761,SKINS,38
5318,E,46772,SKINS,38
5318,E,46778,SKINS,38
5318,E,46814,SKINS,38
5318,E,46818,SKINS,38
5318,E,46862,SKINS,38
5318,E,46868,SKINS,38
5318,E,46880,SKINS,38
5318,E,46893,SKINS,38
5318,E,46901,SKINS,38
5318,E,46928,SKINS,38
5318,E,46934,SKINS,38
5318,E,46949,SKINS,38
5318,E,46957,SKINS,38
5318,E,46958,SKINS,38
5318,E,46969,SKINS,38
5318,E,46970,SKINS,38
5318,E,46975,SKINS,38
5318,E,46984,SKINS,38
5318,E,46985,SKINS,38
5318,E,46992,SKINS,38
5318,E,47005,SKINS,38
5318,E,47007,SKINS,38
5318,E,47014,SKINS,38
5318,E,47017,SKINS,38
5318,E,47021,SKINS,38
5318,E,47039,SKINS,38
5318,E,47040,SKINS,38
5318,E,47054,SKINS,38
5318,E,47065,SKINS,38
5318,E,47068,SKINS,38
5318,E,47069,SKINS,38
5318,E,47083,SKINS,38
5318,E,47084,SKINS,38
5318,E,47092,SKINS,38
5318,E,47106,SKINS,38
5318,E,47118,SKINS,38
5318,E,47153,SKINS,38
5318,E,47155,SKINS,38
5318,E,47158,SKINS,38
5318,E,47160,SKINS,38
5318,E,47162,SKINS,38
5318,E,47166,SKINS,38
5318,E,47170,SKINS,38
5318,E,47173,SKINS,38
5318,E,47180,SKINS,38
5318,E,47183,SKINS,38
5318,E,47188,SKINS,38
5318,E,47189,SKINS,38
5318,E,47199,SKINS,38
5318,E,47203,SKINS,39
5318,E,47205,SKINS,39
5318,E,47211,SKINS,39
5318,E,47213,SKINS,39
5318,E,47246,SKINS,39
5318,E,47247,SKINS,39
5318,E,47252,SKINS,39
5318,E,47264,SKINS,39
5318,E,47279,SKINS,39
5318,E,47305,SKINS,39
5318,E,47334,SKINS,39
5318,E,47344,SKINS,39
5318,E,47345,SKINS,39
5318,E,47367,SKINS,39
5318,E,47377,SKINS,39
5318,E,47384,SKINS,39
5318,E,47398,SKINS,39
5318,E,47400,SKINS,39
5318,E,47401,SKINS,39
5318,E,47415,SKINS,39
5318,E,47429,SKINS,39
5318,E,47430,SKINS,39
5318,E,47431,SKINS,39
5318,E,47432,SKINS,39
5318,E,47435,SKINS,39
5318,E,47444,SKINS,39
5318,E,47452,SKINS,39
5318,E,47458,SKINS,39
5318,E,47476,SKINS,39
5318,E,47477,SKINS,39
5318,E,47510,SKINS,39
5318,E,47518,SKINS,39
5318,E,47519,SKINS,39
5318,E,47534,SKINS,39
5318,E,47550,SKINS,39
5318,E,47553,SKINS,39
5318,E,47555,SKINS,39
5318,E,47557,SKINS,39
5318,E,47558,SKINS,39
5318,E,47568,SKINS,39
5318,E,47587,SKINS,39
5318,E,47593,SKINS,39
5318,E,47607,SKINS,39
5318,E,47618,SKINS,39
5318,E,47619,SKINS,39
5318,E,47624,SKINS,39
5318,E,47629,SKINS,39
5318,E,47630,SKINS,39
5318,E,47634,SKINS,39
5318,E,47637,SKINS,39
5318,E,47638,SKINS,39
5318,E,47639,SKINS,39
5318,E,47641,SKINS,39
5318,E,47642,SKINS,39
5318,E,47643,SKINS,39
5318,E,47649,SKINS,39
5318,E,47655,SKINS,39
5318,E,47662,SKINS,39
5318,E,47663,SKINS,39
5318,E,47672,SKINS,39
5318,E,47682,SKINS,39
5318,E,47684,SKINS,39
5318,E,47690,SKINS,39
5318,E,47692,SKINS,39
5318,E,47696,SKINS,39
5318,E,47702,SKINS,39
5318,E,47707,SKINS,39
5318,E,47708,SKINS,39
5318,E,47713,SKINS,39
5318,E,47725,SKINS,39
5318,E,47729,SKINS,39
5318,E,47760,SKINS,39
5318,E,47769,SKINS,39
5318,E,47780,SKINS,39
5318,E,47804,SKINS,39
5318,E,47808,SKINS,39
5318,E,47837,SKINS,39
5318,E,47846,SKINS,39
5318,E,47851,SKINS,39
5318,E,47856,SKINS,39
5318,E,47860,SKINS,39
5318,E,47880,SKINS,39
5318,E,47889,SKINS,39
5318,E,47896,SKINS,39
5318,E,47898,SKINS,39
5318,E,47899,SKINS,39
5318,E,47900,SKINS,39
5318,E,47904,SKINS,39
5318,E,47905,SKINS,39
5318,E,47909,SKINS,39
5318,E,47914,SKINS,39
5318,E,47916,SKINS,39
5318,E,47922,SKINS,39
5318,E,47940,SKINS,39
5318,E,47942,SKINS,39
5318,E,47949,SKINS,39
5318,E,47951,SKINS,39
5318,E,47959,SKINS,39
5318,E,47961,SKINS,39
5318,E,47963,SKINS,39
5318,E,47971,SKINS,39
5318,E,47975,SKINS,39
5318,E,47976,SKINS,39
5318,E,48005,SKINS,39
5318,E,48007,SKINS,39
5318,E,48013,SKINS,39
5318,E,48016,SKINS,39
5318,E,48021,SKINS,39
5318,E,48024,SKINS,39
5318,E,48059,SKINS,39
5318,E,48065,SKINS,39
5318,E,48068,SKINS,39
5318,E,48070,SKINS,39
5318,E,48090,SKINS,39
5318,E,48095,SKINS,39
5318,E,48096,SKINS,39
5318,E,48104,SKINS,39
5318,E,48105,SKINS,39
5318,E,48111,SKINS,39
5318,E,48115,SKINS,39
5318,E,48117,SKINS,39
5318,E,48119,SKINS,39
5318,E,48124,SKINS,39
5318,E,48132,SKINS,39
5318,E,48133,SKINS,39
5318,E,48134,SKINS,39
5318,E,48135,SKINS,39
5318,E,48136,SKINS,39
5318,E,48150,SKINS,39
5318,E,48151,SKINS,39
5318,E,48152,SKINS,39
5318,E,48164,SKINS,39
5318,E,48165,SKINS,39
5318,E,48169,SKINS,39
5318,E,48170,SKINS,39
5318,E,48174,SKINS,39
5318,E,48180,SKINS,39
5318,E,48185,SKINS,39
5318,E,48187,SKINS,39
5318,E,48188,SKINS,39
5318,E,48192,SKINS,39
5318,E,48196,SKINS,39
5318,E,48197,SKINS,39
5318,E,48233,SKINS,40
5318,E,48250,SKINS,40
5318,E,48260,SKINS,40
5318,E,48269,SKINS,40
5318,E,48271,SKINS,40
5318,E,48276,SKINS,40
5318,E,48285,SKINS,40
5318,E,48300,SKINS,40
5318,E,48303,SKINS,40
5318,E,48304,SKINS,40
5318,E,48309,SKINS,40
5318,E,48325,SKINS,40
5318,E,48331,SKINS,40
5318,E,48333,SKINS,40
5318,E,48358,SKINS,40
5318,E,48362,SKINS,40
5318,E,48364,SKINS,40
5318,E,48388,SKINS,40
5318,E,48393,SKINS,40
5318,E,48398,SKINS,40
5318,E,48407,SKINS,40
5318,E,48425,SKINS,40
5318,E,48432,SKINS,40
5318,E,48433,SKINS,40
5318,E,48442,SKINS,40
5318,E,48443,SKINS,40
5318,E,48461,SKINS,40
5318,E,48476,SKINS,40
5318,E,48479,SKINS,40
5318,E,48490,SKINS,40
5318,E,48496,SKINS,40
5318,E,48498,SKINS,40
5318,E,48511,SKINS,40
5318,E,48512,SKINS,40
5318,E,48517,SKINS,40
5318,E,48519,SKINS,40
5318,E,48525,SKINS,40
5318,E,48526,SKINS,40
5318,E,48528,SKINS,40
5318,E,48529,SKINS,40
5318,E,48532,SKINS,40
5318,E,48538,SKINS,40
5318,E,48548,SKINS,40
5318,E,48549,SKINS,40
5318,E,48551,SKINS,40
5318,E,48558,SKINS,40
5318,E,48559,SKINS,40
5318,E,48565,SKINS,40
5318,E,48569,SKINS,40
5318,E,48596,SKINS,40
5318,E,48597,SKINS,40
5318,E,48601,SKINS,40
5318,E,48603,SKINS,40
5318,E,48604,SKINS,40
5318,E,48613,SKINS,40
5318,E,48617,SKINS,40
5318,E,48624,SKINS,40
5318,E,48634,SKINS,40
5318,E,48641,SKINS,40
5318,E,48646,SKINS,40
5318,E,48650,SKINS,40
5319,E,48897,SKINS,40
5319,E,48902,SKINS,40
5319,E,48913,SKINS,40
5319,E,48917,SKINS,40
5319,E,48932,SKINS,40
5319,E,49031,SKINS,40
5319,E,49141,SKINS,40
534,E,2020,SKINS,40
5358,E,49255,SKINS,40
5358,E,49263,SKINS,40
5358,E,49376,SKINS,40
5358,E,49396,SKINS,40
540,E,2027,SKINS,40
540,E,2035,SKINS,40
540,E,2038,SKINS,40
540,E,2044,SKINS,40
540,E,2054,SKINS,40
540,E,2065,SKINS,40
548,E,2080,SKINS,40
548,E,2091,SKINS,40
548,E,2092,SKINS,40
548,E,2101,SKINS,40
548,E,2103,SKINS,40
5542,E,49575,SKINS,40
5542,E,49643,SKINS,40
5542,E,49688,SKINS,40
555,D,2110,SKINS,40
555,E,2128,SKINS,40
556,D,2137,SKINS,40
556,D,2138,SKINS,40
556,D,2139,SKINS,40
556,D,2140,SKINS,40
556,D,2141,SKINS,40
556,D,2158,SKINS,40
556,D,2219,SKINS,40
556,E,2131,SKINS,40
556,E,2132,SKINS,40
556,E,2142,SKINS,40
556,E,2143,SKINS,40
556,E,2146,SKINS,40
556,E,2153,SKINS,40
556,E,2154,SKINS,40
556,E,2155,SKINS,40
556,E,2156,SKINS,40
556,E,2160,SKINS,40
556,E,2161,SKINS,40
556,E,2162,SKINS,40
556,E,2168,SKINS,40
556,E,2169,SKINS,40
556,E,2170,SKINS,40
556,E,2174,SKINS,40
556,E,2175,SKINS,40
556,E,2178,SKINS,40
556,E,2182,SKINS,40
556,E,2187,SKINS,40
556,E,2188,SKINS,40
556,E,2189,SKINS,40
556,E,2191,SKINS,40
556,E,2192,SKINS,40
556,E,2193,SKINS,40
556,E,2194,SKINS,40
556,E,2195,SKINS,40
556,E,2196,SKINS,40
556,E,2197,SKINS,40
556,E,2198,SKINS,40
556,E,2199,SKINS,40
556,E,2200,SKINS,40
556,E,2201,SKINS,40
556,E,2202,SKINS,40
556,E,2203,SKINS,40
556,E,2204,SKINS,40
556,E,2205,SKINS,41
556,E,2206,SKINS,41
556,E,2207,SKINS,41
556,E,2211,SKINS,41
556,E,2213,SKINS,41
556,E,2214,SKINS,41
556,E,2217,SKINS,41
556,E,2218,SKINS,41
556,E,2220,SKINS,41
556,E,2222,SKINS,41
556,E,2224,SKINS,41
556,E,2230,SKINS,41
5566,D,49949,SKINS,41
5566,E,49766,SKINS,41
5566,E,49767,SKINS,41
5566,E,49781,SKINS,41
5566,E,49804,SKINS,41
5566,E,49812,SKINS,41
5566,E,49823,SKINS,41
5566,E,49849,SKINS,41
5566,E,49874,SKINS,41
5566,E,49878,SKINS,41
5566,E,49894,SKINS,41
5566,E,49912,SKINS,41
5566,E,49913,SKINS,41
5566,E,49916,SKINS,41
5566,E,49928,SKINS,41
5566,E,49932,SKINS,41
5566,E,49944,SKINS,41
5566,E,49945,SKINS,41
5566,E,49956,SKINS,41
5566,E,49960,SKINS,41
5566,E,49961,SKINS,41
5566,E,49978,SKINS,41
5566,E,49979,SKINS,41
5566,E,49980,SKINS,41
5566,E,49981,SKINS,41
5566,E,50001,SKINS,41
5566,E,50016,SKINS,41
5566,E,50029,SKINS,41
5566,E,50044,SKINS,41
5566,E,50068,SKINS,41
5566,E,50092,SKINS,41
5566,E,50121,SKINS,41
5566,E,50126,SKINS,41
5566,E,50145,SKINS,41
5566,E,50147,SKINS,41
5566,E,50166,SKINS,41
5566,E,50196,SKINS,41
5566,E,50207,SKINS,41
5566,E,50247,SKINS,41
5566,E,50261,SKINS,41
5566,E,50270,SKINS,41
5566,E,50271,SKINS,41
5566,E,50318,SKINS,41
5566,E,50319,SKINS,41
5566,E,50348,SKINS,41
5566,E,50351,SKINS,41
5566,E,50356,SKINS,41
5566,E,50390,SKINS,41
5566,E,50412,SKINS,41
5566,E,50413,SKINS,41
5566,E,50432,SKINS,41
5566,E,50481,SKINS,41
5566,E,50486,SKINS,41
5566,E,50504,SKINS,41
5566,E,50545,SKINS,41
5566,E,50555,SKINS,41
5566,E,50563,SKINS,41
5566,E,50569,SKINS,41
5566,E,50570,SKINS,41
5567,E,50588,SKINS,41
5567,E,50591,SKINS,41
5567,E,50592,SKINS,41
5567,E,50601,SKINS,41
5567,E,50627,SKINS,41
5567,E,50629,SKINS,41
5567,E,50631,SKINS,41
5567,E,50634,SKINS,41
5567,E,50639,SKINS,41
5567,E,50647,SKINS,41
5567,E,50677,SKINS,41
5567,E,50751,SKINS,41
5567,E,50762,SKINS,41
5567,E,50771,SKINS,41
5567,E,50779,SKINS,41
5567,E,50784,SKINS,41
5567,E,50786,SKINS,41
5567,E,50803,SKINS,41
5567,E,50835,SKINS,41
5567,E,50843,SKINS,41
5567,E,50846,SKINS,41
5567,E,50863,SKINS,41
5567,E,50873,SKINS,41
5567,E,50879,SKINS,41
5567,E,50893,SKINS,41
5567,E,50915,SKINS,41
5567,E,50930,SKINS,41
5567,E,50933,SKINS,41
5567,E,50939,SKINS,41
5567,E,50940,SKINS,41
5567,E,50954,SKINS,41
5567,E,50974,SKINS,41
5567,E,50992,SKINS,41
5567,E,50997,SKINS,41
5567,E,51005,SKINS,41
5567,E,51006,SKINS,41
5567,E,51010,SKINS,41
5567,E,51037,SKINS,41
5567,E,51038,SKINS,41
5567,E,51048,SKINS,41
5567,E,51054,SKINS,41
5567,E,51062,SKINS,41
5567,E,51073,SKINS,41
5567,E,51074,SKINS,41
5567,E,51077,SKINS,41
5567,E,51079,SKINS,41
5567,E,51083,SKINS,41
5567,E,51084,SKINS,41
5567,E,51094,SKINS,41
5567,E,51102,SKINS,41
5567,E,51111,SKINS,41
5567,E,51120,SKINS,41
5567,E,51125,SKINS,41
5567,E,51128,SKINS,41
5567,E,51146,SKINS,41
5567,E,51179,SKINS,41
5567,E,51186,SKINS,41
5567,E,51188,SKINS,41
5567,E,51189,SKINS,41
5567,E,51205,SKINS,41
5567,E,51216,SKINS,41
5567,E,51229,SKINS,41
5567,E,51245,SKINS,42
5567,E,51249,SKINS,42
5567,E,51259,SKINS,42
5567,E,51273,SKINS,42
5567,E,51282,SKINS,42
5567,E,51283,SKINS,42
5567,E,51284,SKINS,42
5567,E,51286,SKINS,42
5567,E,51297,SKINS,42
5567,E,51301,SKINS,42
5567,E,51303,SKINS,42
5567,E,51304,SKINS,42
5567,E,51308,SKINS,42
5567,E,51313,SKINS,42
5567,E,51323,SKINS,42
5567,E,51337,SKINS,42
5567,E,51342,SKINS,42
5567,E,51344,SKINS,42
5567,E,51351,SKINS,42
5567,E,51355,SKINS,42
5567,E,51368,SKINS,42
5567,E,51369,SKINS,42
5567,E,51370,SKINS,42
5567,E,51375,SKINS,42
5567,E,51377,SKINS,42
5567,E,51382,SKINS,42
5567,E,51389,SKINS,42
5567,E,51391,SKINS,42
5567,E,51394,SKINS,42
5567,E,51398,SKINS,42
5567,E,51434,SKINS,42
5567,E,51448,SKINS,42
5567,E,51459,SKINS,42
5567,E,51469,SKINS,42
5567,E,51477,SKINS,42
5567,E,51481,SKINS,42
5567,E,51488,SKINS,42
5567,E,51497,SKINS,42
5567,E,51506,SKINS,42
5567,E,51508,SKINS,42
5567,E,51522,SKINS,42
5567,E,51526,SKINS,42
5567,E,51565,SKINS,42
5567,E,51566,SKINS,42
5567,E,51586,SKINS,42
5567,E,51620,SKINS,42
5567,E,51631,SKINS,42
5567,E,51649,SKINS,42
5567,E,51656,SKINS,42
5567,E,51665,SKINS,42
5567,E,51688,SKINS,42
5567,E,51722,SKINS,42
5567,E,51726,SKINS,42
5567,E,51735,SKINS,42
5567,E,51736,SKINS,42
5567,E,51739,SKINS,42
5567,E,51745,SKINS,42
5567,E,51747,SKINS,42
5567,E,51760,SKINS,42
5567,E,51763,SKINS,42
5567,E,51779,SKINS,42
5567,E,51783,SKINS,42
5567,E,51785,SKINS,42
5567,E,51786,SKINS,42
5567,E,51803,SKINS,42
5567,E,51807,SKINS,42
5567,E,51815,SKINS,42
5567,E,51819,SKINS,42
5567,E,51842,SKINS,42
5567,E,51845,SKINS,42
5567,E,51848,SKINS,42
5567,E,51849,SKINS,42
5567,E,51854,SKINS,42
5567,E,51861,SKINS,42
5567,E,51864,SKINS,42
5567,E,51866,SKINS,42
5567,E,51883,SKINS,42
5567,E,51886,SKINS,42
560,E,2243,SKINS,42
561,E,2262,SKINS,42
561,E,2276,SKINS,42
561,E,2287,SKINS,42
561,G,2281,SKINS,42
5614,E,51903,SKINS,42
5614,E,51961,SKINS,42
5614,E,51986,SKINS,42
5614,E,51987,SKINS,42
5614,E,52029,SKINS,42
5614,E,52080,SKINS,42
5614,E,52204,SKINS,42
5614,E,52205,SKINS,42
5614,E,52242,SKINS,42
5614,E,52310,SKINS,42
5614,E,52318,SKINS,42
5614,E,52334,SKINS,42
5614,E,52511,SKINS,42
5614,E,52513,SKINS,42
5614,E,52531,SKINS,42
5614,E,52544,SKINS,42
5614,E,52546,SKINS,42
5614,E,52600,SKINS,42
5614,E,52605,SKINS,42
5614,E,52631,SKINS,42
5614,E,52640,SKINS,42
5614,E,52682,SKINS,42
5614,E,52712,SKINS,42
5614,E,52745,SKINS,42
5614,E,52825,SKINS,42
5614,E,52838,SKINS,42
5614,E,52853,SKINS,42
5614,E,52861,SKINS,42
5614,E,52872,SKINS,42
5614,E,52906,SKINS,42
5619,E,52953,SKINS,42
5619,E,52965,SKINS,42
5619,E,52967,SKINS,42
5619,E,52974,SKINS,42
5619,E,52980,SKINS,42
5619,E,53018,SKINS,42
5619,E,53026,SKINS,43
5619,E,53028,SKINS,43
5619,E,53046,SKINS,43
5619,E,53048,SKINS,43
5619,E,53070,SKINS,43
5619,E,53073,SKINS,43
5619,E,53086,SKINS,43
5619,E,53097,SKINS,43
5619,E,53104,SKINS,43
5619,E,53105,SKINS,43
5619,E,53107,SKINS,43
5619,E,53109,SKINS,43
5619,E,53145,SKINS,43
5619,E,53159,SKINS,43
5619,E,53161,SKINS,43
5619,E,53166,SKINS,43
5619,E,53188,SKINS,43
5619,E,53223,SKINS,43
5619,E,53227,SKINS,43
5619,E,53231,SKINS,43
5619,E,53254,SKINS,43
5621,E,53260,SKINS,43
5622,E,53265,SKINS,43
5622,E,53320,SKINS,43
5622,E,53402,SKINS,43
5622,E,53420,SKINS,43
5622,E,53424,SKINS,43
5622,E,53430,SKINS,43
5622,E,53473,SKINS,43
5622,E,53650,SKINS,43
5623,E,53671,SKINS,43
5623,E,53672,SKINS,43
5623,E,53673,SKINS,43
5623,E,53674,SKINS,43
5623,E,53676,SKINS,43
5623,E,53687,SKINS,43
5623,E,53691,SKINS,43
5623,E,53704,SKINS,43
5623,E,53711,SKINS,43
5623,E,53724,SKINS,43
5623,E,53727,SKINS,43
5623,E,53739,SKINS,43
5623,E,53751,SKINS,43
5623,E,53757,SKINS,43
5623,E,53758,SKINS,43
5623,E,53761,SKINS,43
5623,E,53782,SKINS,43
5623,E,53804,SKINS,43
5623,E,53822,SKINS,43
5623,E,53823,SKINS,43
5623,E,53832,SKINS,43
5623,E,53839,SKINS,43
5623,E,53841,SKINS,43
5623,E,53842,SKINS,43
5623,E,53846,SKINS,43
5623,E,53867,SKINS,43
5623,E,53876,SKINS,43
5623,E,53877,SKINS,43
5623,E,53887,SKINS,43
5623,E,53893,SKINS,43
5623,E,53904,SKINS,43
5623,E,53911,SKINS,43
5623,E,53912,SKINS,43
5623,E,53916,SKINS,43
5623,E,53925,SKINS,43
5623,E,53927,SKINS,43
5623,E,53934,SKINS,43
5623,E,53940,SKINS,43
5623,E,53945,SKINS,43
5623,E,53961,SKINS,43
5623,E,53993,SKINS,43
5623,E,54007,SKINS,43
5646,E,54021,SKINS,43
5646,E,54023,SKINS,43
5646,E,54037,SKINS,43
5646,E,54038,SKINS,43
5646,E,54058,SKINS,43
5646,E,54061,SKINS,43
5646,E,54063,SKINS,43
5743,E,54124,SKINS,43
5745,E,54256,SKINS,43
5745,E,54343,SKINS,43
5745,E,54387,SKINS,43
5745,E,54408,SKINS,43
5745,E,54477,SKINS,43
5745,E,54507,SKINS,43
5745,E,54513,SKINS,43
5745,E,54514,SKINS,43
5745,E,54553,SKINS,43
5745,E,54559,SKINS,43
5745,E,54560,SKINS,43
5745,E,54590,SKINS,43
5745,E,54633,SKINS,43
5745,E,54656,SKINS,43
5745,E,54675,SKINS,43
5745,E,54768,SKINS,43
5745,E,54824,SKINS,43
5745,E,54825,SKINS,43
5745,E,54866,SKINS,43
5745,E,54913,SKINS,43
5745,E,54914,SKINS,43
5745,E,54942,SKINS,43
5745,E,54952,SKINS,43
5745,E,54972,SKINS,43
5745,E,55067,SKINS,43
5745,E,55068,SKINS,43
5745,E,55122,SKINS,43
5745,E,55123,SKINS,43
5745,E,55166,SKINS,43
5745,E,55187,SKINS,43
5745,E,55193,SKINS,43
5745,E,55212,SKINS,43
5745,E,55235,SKINS,43
5745,E,55267,SKINS,43
5745,E,55306,SKINS,43
5745,E,55385,SKINS,43
5745,E,55397,SKINS,43
5745,E,55398,SKINS,43
5798,E,55426,SKINS,43
5822,E,55549,SKINS,43
5822,E,55551,SKINS,43
5822,E,55565,SKINS,43
5822,E,55567,SKINS,43
5822,E,55572,SKINS,43
5822,E,55580,SKINS,43
5822,E,55584,SKINS,43
5822,E,55585,SKINS,43
5822,E,55586,SKINS,43
5822,E,55587,SKINS,43
5822,E,55595,SKINS,43
5822,E,55597,SKINS,43
5822,E,55599,SKINS,43
5822,E,55602,SKINS,43
5822,E,55607,SKINS,43
5822,E,55608,SKINS,43
5822,E,55610,SKINS,43
5822,E,55617,SKINS,43
5822,E,55618,SKINS,43
5822,E,55619,SKINS,43
5822,E,55625,SKINS,43
5822,E,55636,SKINS,43
5822,E,55640,SKINS,43
5822,E,55642,SKINS,43
5822,E,55647,SKINS,43
5822,E,55654,SKINS,44
5822,E,55655,SKINS,44
5822,E,55660,SKINS,44
5822,E,55662,SKINS,44
5822,E,55668,SKINS,44
5822,E,55669,SKINS,44
5822,E,55673,SKINS,44
5822,E,55678,SKINS,44
5822,E,55681,SKINS,44
5822,E,55684,SKINS,44
5822,E,55685,SKINS,44
5822,E,55686,SKINS,44
5822,E,55691,SKINS,44
5822,E,55708,SKINS,44
5822,E,55710,SKINS,44
5822,E,55715,SKINS,44
5822,E,55717,SKINS,44
5822,E,55720,SKINS,44
5822,E,55723,SKINS,44
5822,E,55724,SKINS,44
5822,E,55728,SKINS,44
5822,E,55732,SKINS,44
5822,E,55735,SKINS,44
5822,E,55739,SKINS,44
5822,E,55743,SKINS,44
5822,E,55745,SKINS,44
5822,E,55747,SKINS,44
5822,E,55749,SKINS,44
5822,E,55750,SKINS,44
5822,E,55756,SKINS,44
5822,E,55757,SKINS,44
5822,E,55766,SKINS,44
5822,E,55767,SKINS,44
5822,E,55768,SKINS,44
5822,E,55772,SKINS,44
5822,E,55787,SKINS,44
5822,E,55793,SKINS,44
5822,E,55797,SKINS,44
5822,E,55803,SKINS,44
5822,E,55805,SKINS,44
5822,E,55806,SKINS,44
5822,E,55813,SKINS,44
5822,E,55814,SKINS,44
5822,E,55816,SKINS,44
5822,E,55817,SKINS,44
5822,E,55821,SKINS,44
5822,E,55822,SKINS,44
5822,E,55827,SKINS,44
5822,E,55828,SKINS,44
5822,E,55836,SKINS,44
5822,E,55837,SKINS,44
5822,E,55838,SKINS,44
5822,E,55842,SKINS,44
5822,E,55843,SKINS,44
5822,E,55850,SKINS,44
5822,E,55853,SKINS,44
5822,E,55861,SKINS,44
5822,E,55862,SKINS,44
5822,E,55869,SKINS,44
5822,E,55870,SKINS,44
5822,E,55871,SKINS,44
5822,E,55872,SKINS,44
5822,E,55875,SKINS,44
5822,E,55891,SKINS,44
5822,E,55897,SKINS,44
5822,E,55900,SKINS,44
5822,E,55904,SKINS,44
5822,E,55905,SKINS,44
5822,E,55910,SKINS,44
5822,E,55914,SKINS,44
5822,E,55930,SKINS,44
5822,E,55933,SKINS,44
5822,E,55936,SKINS,44
5822,E,55940,SKINS,44
5822,E,55943,SKINS,44
5822,E,55948,SKINS,44
5822,E,55953,SKINS,44
5822,E,55964,SKINS,44
5822,E,55966,SKINS,44
5822,E,55967,SKINS,44
5822,E,55970,SKINS,44
5822,E,55973,SKINS,44
5822,E,55977,SKINS,44
5822,E,55981,SKINS,44
5872,E,55987,SKINS,44
5872,E,55989,SKINS,44
5872,E,55992,SKINS,44
5872,E,55999,SKINS,44
5872,E,56008,SKINS,44
5872,E,56011,SKINS,44
5872,E,56012,SKINS,44
5872,E,56014,SKINS,44
5872,E,56020,SKINS,44
5872,E,56031,SKINS,44
5872,E,56032,SKINS,44
5872,E,56035,SKINS,44
5872,E,56043,SKINS,44
5872,E,56045,SKINS,44
5872,E,56049,SKINS,44
5872,E,56054,SKINS,44
5872,E,56059,SKINS,44
5872,E,56060,SKINS,44
5872,E,56061,SKINS,44
5872,E,56068,SKINS,44
5872,E,56069,SKINS,44
5872,E,56070,SKINS,44
5872,E,56072,SKINS,44
5872,E,56075,SKINS,44
5872,E,56076,SKINS,44
5872,E,56084,SKINS,44
5872,E,56085,SKINS,44
5872,E,56088,SKINS,44
5872,E,56095,SKINS,44
5872,E,56100,SKINS,44
5872,E,56101,SKINS,44
5872,E,56103,SKINS,44
5872,E,56107,SKINS,44
5872,E,56116,SKINS,44
5872,E,56130,SKINS,44
5872,E,56137,SKINS,44
5872,E,56140,SKINS,44
5872,E,56149,SKINS,44
5872,E,56153,SKINS,44
5872,E,56157,SKINS,44
5872,E,56175,SKINS,44
5872,E,56189,SKINS,44
5872,E,56191,SKINS,44
5872,E,56194,SKINS,44
5872,E,56202,SKINS,44
5872,E,56204,SKINS,44
5872,E,56205,SKINS,44
5872,E,56207,SKINS,44
5872,E,56211,SKINS,44
5872,E,56215,SKINS,44
5872,E,56218,SKINS,44
5872,E,56219,SKINS,44
5872,E,56221,SKINS,44
5872,E,56224,SKINS,44
5872,E,56228,SKINS,44
5872,E,56230,SKINS,44
5872,E,56232,SKINS,44
5872,E,56234,SKINS,44
5872,E,56243,SKINS,44
5872,E,56244,SKINS,44
5872,E,56245,SKINS,44
5872,E,56249,SKINS,45
5872,E,56253,SKINS,45
5872,E,56262,SKINS,45
5872,E,56266,SKINS,45
5872,E,56277,SKINS,45
5872,E,56280,SKINS,45
5872,E,56285,SKINS,45
5872,E,56291,SKINS,45
5872,E,56292,SKINS,45
5872,E,56298,SKINS,45
5872,E,56299,SKINS,45
5872,E,56300,SKINS,45
5872,E,56304,SKINS,45
5872,E,56312,SKINS,45
5872,E,56321,SKINS,45
5872,E,56341,SKINS,45
5872,E,56347,SKINS,45
5872,E,56349,SKINS,45
5872,E,56350,SKINS,45
5872,E,56360,SKINS,45
5872,E,56366,SKINS,45
5872,E,56368,SKINS,45
5872,E,56372,SKINS,45
5872,E,56373,SKINS,45
5872,E,56377,SKINS,45
5872,E,56378,SKINS,45
5872,E,56383,SKINS,45
5872,E,56384,SKINS,45
5872,E,56385,SKINS,45
5872,E,56387,SKINS,45
5872,E,56388,SKINS,45
5872,E,56397,SKINS,45
5872,E,56398,SKINS,45
5872,E,56401,SKINS,45
5872,E,56410,SKINS,45
5872,E,56411,SKINS,45
5872,E,56417,SKINS,45
5872,E,56418,SKINS,45
5872,E,56420,SKINS,45
5872,E,56422,SKINS,45
5872,E,56425,SKINS,45
5872,E,56427,SKINS,45
5872,E,56430,SKINS,45
5872,E,56433,SKINS,45
5872,E,56436,SKINS,45
5872,E,56439,SKINS,45
5872,E,56441,SKINS,45
5872,E,56442,SKINS,45
5872,E,56443,SKINS,45
5872,E,56447,SKINS,45
5872,E,56450,SKINS,45
5872,E,56455,SKINS,45
5872,E,56459,SKINS,45
5872,E,56464,SKINS,45
5872,E,56465,SKINS,45
5872,E,56472,SKINS,45
5872,E,56480,SKINS,45
5872,E,56481,SKINS,45
5872,E,56483,SKINS,45
5872,E,56486,SKINS,45
5872,E,56501,SKINS,45
5872,E,56505,SKINS,45
5872,E,56508,SKINS,45
5872,E,56509,SKINS,45
5872,E,56511,SKINS,45
5872,E,56512,SKINS,45
5872,E,56514,SKINS,45
5872,E,56515,SKINS,45
5872,E,56519,SKINS,45
5872,E,56530,SKINS,45
5872,E,56533,SKINS,45
5872,E,56545,SKINS,45
5872,E,56547,SKINS,45
5872,E,56548,SKINS,45
5872,E,56552,SKINS,45
5872,E,56553,SKINS,45
5872,E,56560,SKINS,45
5872,E,56561,SKINS,45
5872,E,56565,SKINS,45
5872,E,56574,SKINS,45
5872,E,56575,SKINS,45
5872,E,56577,SKINS,45
5872,E,56578,SKINS,45
5872,E,56592,SKINS,45
5872,E,56598,SKINS,45
5872,E,56599,SKINS,45
5872,E,56603,SKINS,45
5872,E,56604,SKINS,45
5872,E,56615,SKINS,45
5872,E,56620,SKINS,45
5872,E,56625,SKINS,45
5880,E,56631,SKINS,45
5880,E,56646,SKINS,45
5880,E,56647,SKINS,45
5880,E,56650,SKINS,45
5880,E,56653,SKINS,45
5880,E,56656,SKINS,45
5880,E,56657,SKINS,45
5880,E,56674,SKINS,45
5880,E,56675,SKINS,45
5880,E,56677,SKINS,45
5880,E,56685,SKINS,45
5880,E,56693,SKINS,45
5880,E,56694,SKINS,45
5880,E,56695,SKINS,45
5880,E,56698,SKINS,45
5880,E,56701,SKINS,45
5880,E,56702,SKINS,45
5880,E,56705,SKINS,45
5880,E,56707,SKINS,45
5880,E,56723,SKINS,45
5880,E,56724,SKINS,45
5880,E,56726,SKINS,45
5880,E,56727,SKINS,45
5880,E,56731,SKINS,45
5880,E,56733,SKINS,45
5880,E,56734,SKINS,45
5880,E,56736,SKINS,45
5880,E,56738,SKINS,45
5880,E,56743,SKINS,45
5880,E,56745,SKINS,45
5880,E,56746,SKINS,45
5880,E,56751,SKINS,45
5880,E,56754,SKINS,45
5880,E,56757,SKINS,45
5880,E,56760,SKINS,45
5880,E,56766,SKINS,45
5880,E,56769,SKINS,45
5880,E,56779,SKINS,45
5880,E,56786,SKINS,45
5880,E,56789,SKINS,45
5880,E,56792,SKINS,45
5880,E,56794,SKINS,45
5880,E,56804,SKINS,45
5880,E,56805,SKINS,45
5880,E,56806,SKINS,45
5880,E,56807,SKINS,45
5880,E,56811,SKINS,45
5880,E,56813,SKINS,45
5880,E,56820,SKINS,45
5880,E,56831,SKINS,45
5880,E,56835,SKINS,45
5880,E,56850,SKINS,45
5880,E,56851,SKINS,45
5880,E,56852,SKINS,45
5880,E,56857,SKINS,45
5880,E,56860,SKINS,45
5880,E,56866,SKINS,45
5880,E,56877,SKINS,45
5880,E,56878,SKINS,45
5880,E,56881,SKINS,45
5880,E,56882,SKINS,46
5880,E,56890,SKINS,46
5880,E,56891,SKINS,46
5880,E,56894,SKINS,46
5880,E,56895,SKINS,46
5880,E,56905,SKINS,46
5880,E,56909,SKINS,46
5880,E,56914,SKINS,46
5880,E,56915,SKINS,46
5880,E,56917,SKINS,46
5880,E,56922,SKINS,46
5880,E,56924,SKINS,46
5880,E,56925,SKINS,46
5880,E,56926,SKINS,46
5880,E,56932,SKINS,46
5880,E,56936,SKINS,46
5880,E,56938,SKINS,46
5880,E,56946,SKINS,46
5880,E,56948,SKINS,46
5880,E,56952,SKINS,46
5880,E,56953,SKINS,46
5880,E,56954,SKINS,46
5880,E,56957,SKINS,46
5880,E,56958,SKINS,46
5880,E,56959,SKINS,46
5880,E,56963,SKINS,46
5880,E,56964,SKINS,46
5880,E,56967,SKINS,46
5880,E,56977,SKINS,46
5880,E,56980,SKINS,46
5880,E,56983,SKINS,46
5880,E,56988,SKINS,46
5880,E,56990,SKINS,46
5880,E,56997,SKINS,46
5880,E,56998,SKINS,46
5880,E,56999,SKINS,46
5880,E,57000,SKINS,46
5880,E,57001,SKINS,46
5880,E,57005,SKINS,46
5880,E,57006,SKINS,46
5880,E,57007,SKINS,46
5880,E,57009,SKINS,46
5880,E,57012,SKINS,46
5880,E,57020,SKINS,46
5880,E,57027,SKINS,46
5880,E,57028,SKINS,46
5880,E,57029,SKINS,46
5880,E,57034,SKINS,46
5880,E,57037,SKINS,46
5880,E,57038,SKINS,46
5880,E,57040,SKINS,46
5880,E,57043,SKINS,46
5880,E,57047,SKINS,46
5880,E,57051,SKINS,46
5880,E,57054,SKINS,46
5880,E,57057,SKINS,46
5880,E,57061,SKINS,46
5880,E,57070,SKINS,46
5880,E,57072,SKINS,46
5880,E,57076,SKINS,46
5880,E,57079,SKINS,46
5880,E,57082,SKINS,46
5880,E,57086,SKINS,46
5880,E,57089,SKINS,46
5880,E,57091,SKINS,46
5880,E,57093,SKINS,46
5880,E,57096,SKINS,46
5880,E,57101,SKINS,46
5974,G,57114,SKINS,46
5975,E,57115,SKINS,46
5978,E,57129,SKINS,46
5979,E,57334,SKINS,46
5979,E,57346,SKINS,46
5979,E,57365,SKINS,46
5979,E,57386,SKINS,46
5979,E,57402,SKINS,46
5979,E,57426,SKINS,46
5979,E,57473,SKINS,46
5979,E,57474,SKINS,46
5979,E,57479,SKINS,46
5979,E,57482,SKINS,46
5979,E,57491,SKINS,46
5979,E,57493,SKINS,46
5979,E,57494,SKINS,46
5979,E,57498,SKINS,46
5979,E,57505,SKINS,46
5979,E,57515,SKINS,46
5979,E,57522,SKINS,46
5979,E,57535,SKINS,46
5979,E,57543,SKINS,46
5979,E,57545,SKINS,46
5981,E,57598,SKINS,46
5981,E,57625,SKINS,46
5981,E,57731,SKINS,46
5981,E,57736,SKINS,46
5981,E,57740,SKINS,46
5981,E,57757,SKINS,46
5981,E,57764,SKINS,46
5981,E,57777,SKINS,46
5981,E,57821,SKINS,46
5981,E,57833,SKINS,46
5981,E,57851,SKINS,46
5981,E,57852,SKINS,46
5981,E,57878,SKINS,46
5981,E,57893,SKINS,46
5981,E,57896,SKINS,46
5981,E,57921,SKINS,46
5981,E,57943,SKINS,46
5981,E,57954,SKINS,46
5981,E,57955,SKINS,46
5981,E,58035,SKINS,46
5981,E,58076,SKINS,46
5981,E,58127,SKINS,46
5981,E,58130,SKINS,46
5981,E,58139,SKINS,46
5981,E,58141,SKINS,46
5981,E,58171,SKINS,46
5981,E,58176,SKINS,46
5981,E,58180,SKINS,46
5981,E,58182,SKINS,46
5981,E,58189,SKINS,46
5981,E,58196,SKINS,46
5981,E,58197,SKINS,46
5981,E,58198,SKINS,46
5981,E,58202,SKINS,46
5981,E,58217,SKINS,46
5981,E,58255,SKINS,46
5981,E,58347,SKINS,46
5981,E,58357,SKINS,46
5981,E,58369,SKINS,46
5981,E,58371,SKINS,46
5981,E,58373,SKINS,46
5981,E,58376,SKINS,46
5981,E,58385,SKINS,46
5981,E,58393,SKINS,46
5981,E,58398,SKINS,46
5981,E,58401,SKINS,46
5981,E,58405,SKINS,46
5981,E,58472,SKINS,46
5981,E,58499,SKINS,46
5981,E,58508,SKINS,46
5981,E,58523,SKINS,46
5981,E,58565,SKINS,46
5981,E,58601,SKINS,46
5981,E,58625,SKINS,46
5981,E,58745,SKINS,46
5981,E,58746,SKINS,46
5981,E,58806,SKINS,46
5981,E,58837,SKINS,46
5981,E,58863,SKINS,46
5981,E,58883,SKINS,46
5981,E,58884,SKINS,46
5981,E,58923,SKINS,46
5981,E,58925,SKINS,46
5981,E,58954,SKINS,46
5981,E,58964,SKINS,46
5981,E,59002,SKINS,47
5981,E,59006,SKINS,47
5981,E,59134,SKINS,47
5981,E,59141,SKINS,47
5981,E,59162,SKINS,47
5981,E,59241,SKINS,47
5981,E,59242,SKINS,47
5981,E,59246,SKINS,47
5981,E,59250,SKINS,47
5981,E,59385,SKINS,47
5981,E,59392,SKINS,47
5981,E,59404,SKINS,47
5981,E,59407,SKINS,47
5981,E,59425,SKINS,47
5981,E,59455,SKINS,47
5981,E,59462,SKINS,47
5981,E,59499,SKINS,47
5981,E,59519,SKINS,47
5981,E,59542,SKINS,47
5981,E,59566,SKINS,47
5981,E,59583,SKINS,47
5981,E,59597,SKINS,47
5981,E,59607,SKINS,47
5981,E,59642,SKINS,47
5981,E,59664,SKINS,47
5981,E,59677,SKINS,47
5981,E,59684,SKINS,47
5981,E,59715,SKINS,47
5981,E,59746,SKINS,47
5981,E,59799,SKINS,47
5981,E,59810,SKINS,47
5981,E,59824,SKINS,47
5981,E,59835,SKINS,47
5981,E,59851,SKINS,47
5981,E,59861,SKINS,47
5981,E,59881,SKINS,47
5981,E,59882,SKINS,47
5981,E,59886,SKINS,47
5981,E,59907,SKINS,47
5981,E,59915,SKINS,47
5981,E,59943,SKINS,47
5981,E,59945,SKINS,47
5981,E,59968,SKINS,47
5981,E,59975,SKINS,47
5981,E,59982,SKINS,47
5981,E,59994,SKINS,47
5981,E,60039,SKINS,47
5981,E,60040,SKINS,47
5981,E,60090,SKINS,47
5981,E,60107,SKINS,47
5981,E,60173,SKINS,47
5981,E,60176,SKINS,47
5981,E,60231,SKINS,47
5981,E,60257,SKINS,47
5981,E,60383,SKINS,47
5981,E,60409,SKINS,47
5981,E,60421,SKINS,47
5981,E,60492,SKINS,47
5981,E,60502,SKINS,47
5981,E,60519,SKINS,47
5981,E,60586,SKINS,47
5981,E,60587,SKINS,47
5981,E,60597,SKINS,47
5981,E,60698,SKINS,47
5981,E,60704,SKINS,47
6006,E,60771,SKINS,47
6020,E,40633,SKINS,47
6020,E,40635,SKINS,47
6020,E,40688,SKINS,47
6020,E,40722,SKINS,47
6020,E,40732,SKINS,47
6020,E,40786,SKINS,47
6020,E,40788,SKINS,47
6020,E,40811,SKINS,47
6020,E,40823,SKINS,47
6020,E,40824,SKINS,47
6020,E,40826,SKINS,47
6020,E,40827,SKINS,47
6020,E,40833,SKINS,47
6020,E,40836,SKINS,47
6020,E,40838,SKINS,47
6020,E,40846,SKINS,47
6020,E,40855,SKINS,47
6020,E,40856,SKINS,47
6020,E,40864,SKINS,47
6020,E,40897,SKINS,47
6020,E,40898,SKINS,47
6020,E,40902,SKINS,47
6020,E,40962,SKINS,47
6020,E,40970,SKINS,47
6020,E,40975,SKINS,47
6020,E,40976,SKINS,47
6020,E,40996,SKINS,47
6020,E,41001,SKINS,47
6020,E,41018,SKINS,47
6020,E,41029,SKINS,47
6020,E,41030,SKINS,47
6020,E,41033,SKINS,47
6020,E,41034,SKINS,47
6020,E,41038,SKINS,47
6020,E,41039,SKINS,47
6020,E,41057,SKINS,47
6020,E,41069,SKINS,47
6020,E,41093,SKINS,47
6020,E,41094,SKINS,47
6021,E,60773,SKINS,47
6021,E,60775,SKINS,47
6021,E,60785,SKINS,47
6021,E,60787,SKINS,47
6021,E,60815,SKINS,47
6021,E,60827,SKINS,47
6021,E,60828,SKINS,47
6021,E,60829,SKINS,47
6021,E,60831,SKINS,47
6021,E,60832,SKINS,47
6021,E,60833,SKINS,47
6021,E,60842,SKINS,47
6021,E,60846,SKINS,47
6021,E,60863,SKINS,47
6021,E,60869,SKINS,47
6021,E,60873,SKINS,47
6021,E,60875,SKINS,47
6021,E,60879,SKINS,47
6021,E,60885,SKINS,47
6021,E,60886,SKINS,47
6021,E,60888,SKINS,47
6021,E,60890,SKINS,47
6021,E,60900,SKINS,47
6021,E,60901,SKINS,47
6021,E,60907,SKINS,47
6021,E,60908,SKINS,47
6021,E,60909,SKINS,47
6021,E,60910,SKINS,47
6021,E,60913,SKINS,47
6021,E,60923,SKINS,47
6021,E,60925,SKINS,47
6021,E,60926,SKINS,47
6021,E,60928,SKINS,47
6021,E,60929,SKINS,47
6021,E,60931,SKINS,47
6021,E,60938,SKINS,47
6021,E,60940,SKINS,47
6021,E,60942,SKINS,47
6021,E,60949,SKINS,47
6021,E,60951,SKINS,47
6021,E,60953,SKINS,47
6021,E,60954,SKINS,47
6021,E,60956,SKINS,47
6021,E,60961,SKINS,47
6021,E,60962,SKINS,47
6021,E,60965,SKINS,47
6021,E,60968,SKINS,47
6021,E,60971,SKINS,47
6021,E,60974,SKINS,47
6021,E,60977,SKINS,47
6021,E,60979,SKINS,47
6021,E,60984,SKINS,47
6021,E,60987,SKINS,47
6021,E,60995,SKINS,47
6021,E,60998,SKINS,48
6021,E,61001,SKINS,48
6021,E,61002,SKINS,48
6021,E,61003,SKINS,48
6021,E,61007,SKINS,48
6021,E,61010,SKINS,48
6021,E,61013,SKINS,48
6021,E,61017,SKINS,48
6021,E,61019,SKINS,48
6021,E,61027,SKINS,48
6021,E,61031,SKINS,48
6021,E,61032,SKINS,48
6021,E,61034,SKINS,48
6021,E,61035,SKINS,48
6021,E,61036,SKINS,48
6021,E,61040,SKINS,48
6021,E,61041,SKINS,48
6021,E,61046,SKINS,48
6021,E,61047,SKINS,48
6021,E,61050,SKINS,48
6021,E,61053,SKINS,48
6021,E,61054,SKINS,48
6021,E,61057,SKINS,48
6021,E,61058,SKINS,48
6021,E,61061,SKINS,48
6021,E,61067,SKINS,48
6021,E,61073,SKINS,48
6021,E,61074,SKINS,48
6021,E,61077,SKINS,48
6021,E,61082,SKINS,48
6021,E,61083,SKINS,48
6021,E,61087,SKINS,48
6021,E,61093,SKINS,48
6021,E,61097,SKINS,48
6021,E,61102,SKINS,48
6021,E,61105,SKINS,48
6021,E,61107,SKINS,48
6021,E,61113,SKINS,48
6021,E,61118,SKINS,48
6021,E,61127,SKINS,48
6021,E,61128,SKINS,48
6021,E,61129,SKINS,48
6021,E,61153,SKINS,48
6021,E,61155,SKINS,48
6021,E,61160,SKINS,48
6021,E,61161,SKINS,48
6021,E,61162,SKINS,48
6021,E,61165,SKINS,48
6021,E,61167,SKINS,48
6021,E,61174,SKINS,48
6021,E,61178,SKINS,48
6021,E,61182,SKINS,48
6021,E,61203,SKINS,48
6021,E,61209,SKINS,48
6021,E,61212,SKINS,48
6021,E,61222,SKINS,48
6021,E,61223,SKINS,48
6021,E,61224,SKINS,48
6021,E,61227,SKINS,48
6021,E,61228,SKINS,48
6021,E,61233,SKINS,48
6021,E,61245,SKINS,48
6021,E,61249,SKINS,48
6021,E,61251,SKINS,48
6021,E,61258,SKINS,48
6021,E,61260,SKINS,48
6021,E,61261,SKINS,48
6021,E,61265,SKINS,48
6021,E,61267,SKINS,48
6021,E,61268,SKINS,48
6021,E,61269,SKINS,48
6021,E,61271,SKINS,48
6021,E,61274,SKINS,48
6021,E,61286,SKINS,48
6021,E,61290,SKINS,48
6021,E,61292,SKINS,48
6021,E,61294,SKINS,48
6021,E,61295,SKINS,48
6021,E,61298,SKINS,48
6021,E,61302,SKINS,48
6021,E,61315,SKINS,48
6021,E,61316,SKINS,48
6021,E,61322,SKINS,48
6021,E,61325,SKINS,48
6021,E,61326,SKINS,48
6021,E,61331,SKINS,48
6021,E,61337,SKINS,48
6021,E,61344,SKINS,48
6021,E,61345,SKINS,48
6021,E,61347,SKINS,48
6021,E,61350,SKINS,48
6021,E,61352,SKINS,48
6021,E,61355,SKINS,48
6021,E,61363,SKINS,48
6021,E,61369,SKINS,48
6021,E,61370,SKINS,48
6021,E,61372,SKINS,48
6021,E,61378,SKINS,48
6021,E,61380,SKINS,48
6021,E,61385,SKINS,48
6021,E,61386,SKINS,48
6021,E,61387,SKINS,48
6021,E,61392,SKINS,48
6021,E,61393,SKINS,48
6021,E,61398,SKINS,48
6021,E,61404,SKINS,48
6021,E,61408,SKINS,48
6021,E,61411,SKINS,48
6021,E,61413,SKINS,48
6021,E,61416,SKINS,48
6021,E,61417,SKINS,48
6021,E,61422,SKINS,48
6021,E,61424,SKINS,48
6021,E,61426,SKINS,48
6021,E,61430,SKINS,48
6021,E,61436,SKINS,48
6021,E,61441,SKINS,48
6021,E,61457,SKINS,48
6021,E,61459,SKINS,48
6021,E,61463,SKINS,48
6021,E,61466,SKINS,48
6021,E,61467,SKINS,48
6021,E,61469,SKINS,48
6021,E,61470,SKINS,48
6021,E,61471,SKINS,48
6021,E,61473,SKINS,48
6021,E,61474,SKINS,48
6021,E,61475,SKINS,48
6021,E,61484,SKINS,48
6021,E,61485,SKINS,48
6021,E,61486,SKINS,48
6021,E,61487,SKINS,48
6021,E,61490,SKINS,48
6021,E,61497,SKINS,48
6021,E,61502,SKINS,48
6021,E,61504,SKINS,48
6021,E,61513,SKINS,48
6021,E,61516,SKINS,48
6021,E,61520,SKINS,48
6021,E,61522,SKINS,48
6021,E,61523,SKINS,48
6021,E,61528,SKINS,48
6021,E,61531,SKINS,48
6021,E,61537,SKINS,48
6021,E,61542,SKINS,48
6021,E,61543,SKINS,48
6021,E,61545,SKINS,48
6021,E,61548,SKINS,48
6021,E,61549,SKINS,48
6021,E,61550,SKINS,48
6021,E,61551,SKINS,48
6021,E,61555,SKINS,48
6021,E,61556,SKINS,48
6021,E,61563,SKINS,48
6021,E,61568,SKINS,49
6021,E,61570,SKINS,49
6021,E,61571,SKINS,49
6021,E,61572,SKINS,49
6021,E,61575,SKINS,49
6021,E,61578,SKINS,49
6021,E,61582,SKINS,49
6021,E,61586,SKINS,49
6021,E,61588,SKINS,49
6021,E,61590,SKINS,49
6021,E,61592,SKINS,49
6021,E,61602,SKINS,49
6021,E,61604,SKINS,49
6021,E,61605,SKINS,49
6021,E,61610,SKINS,49
6021,E,61614,SKINS,49
6021,E,61623,SKINS,49
6021,E,61629,SKINS,49
6021,E,61633,SKINS,49
6021,E,61635,SKINS,49
6021,E,61639,SKINS,49
6021,E,61641,SKINS,49
6021,E,61642,SKINS,49
6021,E,61646,SKINS,49
6021,E,61650,SKINS,49
6021,E,61653,SKINS,49
6021,E,61655,SKINS,49
6021,E,61663,SKINS,49
6021,E,61665,SKINS,49
6021,E,61666,SKINS,49
6021,E,61668,SKINS,49
6021,E,61669,SKINS,49
6021,E,61670,SKINS,49
6021,E,61677,SKINS,49
6021,E,61680,SKINS,49
6021,E,61683,SKINS,49
6021,E,61687,SKINS,49
6021,E,61689,SKINS,49
6021,E,61691,SKINS,49
6021,E,61693,SKINS,49
6021,E,61694,SKINS,49
6021,E,61695,SKINS,49
6021,E,61700,SKINS,49
6021,E,61705,SKINS,49
6021,E,61706,SKINS,49
6021,E,61712,SKINS,49
6021,E,61714,SKINS,49
6021,E,61719,SKINS,49
6021,E,61732,SKINS,49
6021,E,61737,SKINS,49
6021,E,61738,SKINS,49
6021,E,61739,SKINS,49
6021,E,61741,SKINS,49
6021,E,61749,SKINS,49
6021,E,61752,SKINS,49
6021,E,61760,SKINS,49
6021,E,61761,SKINS,49
6021,E,61767,SKINS,49
6021,E,61771,SKINS,49
6021,E,61775,SKINS,49
6021,E,61782,SKINS,49
6021,E,61783,SKINS,49
6021,E,61785,SKINS,49
6021,E,61789,SKINS,49
6021,E,61790,SKINS,49
6021,E,61792,SKINS,49
6021,E,61797,SKINS,49
6021,E,61802,SKINS,49
6021,E,61804,SKINS,49
6021,E,61811,SKINS,49
6021,E,61815,SKINS,49
6021,E,61816,SKINS,49
6021,E,61834,SKINS,49
6021,E,61835,SKINS,49
6021,E,61837,SKINS,49
6021,E,61843,SKINS,49
6021,E,61844,SKINS,49
6021,E,61847,SKINS,49
6021,E,61851,SKINS,49
6021,E,61853,SKINS,49
6021,E,61858,SKINS,49
6021,E,61859,SKINS,49
6021,E,61863,SKINS,49
6021,E,61864,SKINS,49
6021,E,61873,SKINS,49
6021,E,61877,SKINS,49
6021,E,61879,SKINS,49
6021,E,61883,SKINS,49
6021,E,61884,SKINS,49
6021,E,61890,SKINS,49
6021,E,61898,SKINS,49
6021,E,61901,SKINS,49
6021,E,61902,SKINS,49
6021,E,61903,SKINS,49
6021,E,61905,SKINS,49
6021,E,61920,SKINS,49
6021,E,61921,SKINS,49
6021,E,61932,SKINS,49
6021,E,61935,SKINS,49
6021,E,61937,SKINS,49
6021,E,61940,SKINS,49
6021,E,61941,SKINS,49
6021,E,61944,SKINS,49
6021,E,61945,SKINS,49
6021,E,61956,SKINS,49
6021,E,61957,SKINS,49
6021,E,61962,SKINS,49
6021,E,61971,SKINS,49
6021,E,61973,SKINS,49
6021,E,61978,SKINS,49
6021,E,61982,SKINS,49
6021,E,61984,SKINS,49
6021,E,61992,SKINS,49
6021,E,61993,SKINS,49
6021,E,61996,SKINS,49
6021,E,61998,SKINS,49
6021,E,62001,SKINS,49
6021,E,62002,SKINS,49
6021,E,62013,SKINS,49
6021,E,62014,SKINS,49
6021,E,62018,SKINS,49
6021,E,62021,SKINS,49
6021,E,62027,SKINS,49
6021,E,62029,SKINS,49
6021,E,62040,SKINS,49
6021,E,62041,SKINS,49
6021,E,62046,SKINS,49
6021,E,62061,SKINS,49
6021,E,62062,SKINS,49
6021,E,62065,SKINS,49
6021,E,62068,SKINS,49
6021,E,62076,SKINS,49
6021,E,62077,SKINS,49
6021,E,62081,SKINS,49
6021,E,62083,SKINS,49
6021,E,62084,SKINS,49
6021,E,62098,SKINS,49
6021,E,62099,SKINS,49
6021,E,62101,SKINS,49
6021,E,62102,SKINS,49
6021,E,62106,SKINS,49
6021,E,62107,SKINS,49
6021,E,62113,SKINS,49
6021,E,62114,SKINS,49
6021,E,62119,SKINS,49
6021,E,62120,SKINS,49
6021,E,62122,SKINS,49
6021,E,62123,SKINS,49
6021,E,62137,SKINS,49
6021,E,62139,SKINS,49
6021,E,62140,SKINS,49
6021,E,62146,SKINS,49
6021,E,62148,SKINS,49
6021,E,62153,SKINS,49
6021,E,62155,SKINS,49
6021,E,62156,SKINS,49
6021,E,62157,SKINS,49
6021,E,62159,SKINS,49
6021,E,62162,SKINS,50
6021,E,62166,SKINS,50
6021,E,62167,SKINS,50
6021,E,62170,SKINS,50
6021,E,62175,SKINS,50
6021,E,62177,SKINS,50
6021,E,62185,SKINS,50
6021,E,62188,SKINS,50
6021,E,62189,SKINS,50
6021,E,62192,SKINS,50
6021,E,62195,SKINS,50
6021,E,62201,SKINS,50
6021,E,62206,SKINS,50
6021,E,62209,SKINS,50
6021,E,62211,SKINS,50
6021,E,62212,SKINS,50
6021,E,62213,SKINS,50
6021,E,62218,SKINS,50
6021,E,62223,SKINS,50
6021,E,62232,SKINS,50
6021,E,62235,SKINS,50
6021,E,62238,SKINS,50
6021,E,62240,SKINS,50
6021,E,62242,SKINS,50
6021,E,62243,SKINS,50
6021,E,62257,SKINS,50
6021,E,62258,SKINS,50
6021,E,62264,SKINS,50
6021,E,62266,SKINS,50
6021,E,62269,SKINS,50
6021,E,62272,SKINS,50
6021,E,62279,SKINS,50
6021,E,62281,SKINS,50
6021,E,62287,SKINS,50
6021,E,62291,SKINS,50
6021,E,62292,SKINS,50
6021,E,62299,SKINS,50
6021,E,62306,SKINS,50
6021,E,62311,SKINS,50
6021,E,62313,SKINS,50
6021,E,62314,SKINS,50
6021,E,62319,SKINS,50
6021,E,62328,SKINS,50
6021,E,62333,SKINS,50
6021,E,62335,SKINS,50
6021,E,62343,SKINS,50
6021,E,62349,SKINS,50
6021,E,62352,SKINS,50
6021,E,62358,SKINS,50
6021,E,62361,SKINS,50
6021,E,62374,SKINS,50
6021,E,62376,SKINS,50
6021,E,62379,SKINS,50
6021,E,62384,SKINS,50
6021,E,62386,SKINS,50
6021,E,62387,SKINS,50
6021,E,62391,SKINS,50
6021,E,62411,SKINS,50
6021,E,62416,SKINS,50
6021,E,62417,SKINS,50
6021,E,62419,SKINS,50
6021,E,62425,SKINS,50
6021,E,62427,SKINS,50
6021,E,62429,SKINS,50
6021,E,62433,SKINS,50
6021,E,62447,SKINS,50
6021,E,62449,SKINS,50
6021,E,62464,SKINS,50
6021,E,62465,SKINS,50
6021,E,62467,SKINS,50
6021,E,62468,SKINS,50
6021,E,62470,SKINS,50
6021,E,62472,SKINS,50
6021,E,62473,SKINS,50
6021,E,62475,SKINS,50
6021,E,62476,SKINS,50
6021,E,62477,SKINS,50
6021,E,62479,SKINS,50
6021,E,62481,SKINS,50
6021,E,62498,SKINS,50
6021,E,62500,SKINS,50
6021,E,62506,SKINS,50
6021,E,62507,SKINS,50
6021,E,62508,SKINS,50
6021,E,62510,SKINS,50
6021,E,62512,SKINS,50
6021,E,62519,SKINS,50
6021,E,62523,SKINS,50
6021,E,62525,SKINS,50
6021,E,62532,SKINS,50
6021,E,62534,SKINS,50
6021,E,62536,SKINS,50
6021,E,62538,SKINS,50
6021,E,62540,SKINS,50
6021,E,62544,SKINS,50
6021,E,62546,SKINS,50
6021,E,62552,SKINS,50
6021,E,62557,SKINS,50
6021,E,62560,SKINS,50
6021,E,62563,SKINS,50
6021,E,62567,SKINS,50
6021,E,62568,SKINS,50
6021,E,62576,SKINS,50
6021,E,62577,SKINS,50
6021,E,62580,SKINS,50
6021,E,62581,SKINS,50
6021,E,62582,SKINS,50
6021,E,62592,SKINS,50
6021,E,62593,SKINS,50
6021,E,62599,SKINS,50
6021,E,62600,SKINS,50
6021,E,62613,SKINS,50
6021,E,62617,SKINS,50
6021,E,62618,SKINS,50
6021,E,62626,SKINS,50
6021,E,62629,SKINS,50
6021,E,62633,SKINS,50
6021,E,62635,SKINS,50
6021,E,62637,SKINS,50
6021,E,62645,SKINS,50
6021,E,62648,SKINS,50
6021,E,62649,SKINS,50
6021,E,62663,SKINS,50
6021,E,62664,SKINS,50
6021,E,62666,SKINS,50
6021,E,62667,SKINS,50
6021,E,62669,SKINS,50
6021,E,62672,SKINS,50
6021,E,62673,SKINS,50
6021,E,62675,SKINS,50
6021,E,62678,SKINS,50
6021,E,62683,SKINS,50
6021,E,62685,SKINS,50
6021,E,62686,SKINS,50
6021,E,62688,SKINS,50
6021,E,62693,SKINS,50
6021,E,62698,SKINS,50
6021,E,62701,SKINS,50
6021,E,62713,SKINS,50
6021,E,62714,SKINS,50
6021,E,62719,SKINS,50
6021,E,62730,SKINS,50
6021,E,62737,SKINS,50
6021,E,62743,SKINS,50
6021,E,62745,SKINS,50
6021,E,62752,SKINS,50
6021,E,62753,SKINS,50
6021,E,62758,SKINS,50
6021,E,62759,SKINS,50
6021,E,62768,SKINS,50
6021,E,62772,SKINS,50
6021,E,62773,SKINS,50
6021,E,62785,SKINS,50
6021,E,62788,SKINS,50
6021,E,62789,SKINS,50
6021,E,62790,SKINS,51
6021,E,62792,SKINS,51
6021,E,62793,SKINS,51
6021,E,62798,SKINS,51
6021,E,62802,SKINS,51
6021,E,62805,SKINS,51
6021,E,62807,SKINS,51
6021,E,62808,SKINS,51
6021,E,62809,SKINS,51
6021,E,62811,SKINS,51
6021,E,62824,SKINS,51
6021,E,62830,SKINS,51
6021,E,62831,SKINS,51
6021,E,62834,SKINS,51
6021,E,62835,SKINS,51
6021,E,62836,SKINS,51
6021,E,62854,SKINS,51
6021,E,62855,SKINS,51
6021,E,62857,SKINS,51
6021,E,62861,SKINS,51
6021,E,62863,SKINS,51
6021,E,62867,SKINS,51
6021,E,62871,SKINS,51
6021,E,62882,SKINS,51
6021,E,62883,SKINS,51
6021,E,62884,SKINS,51
6021,E,62893,SKINS,51
6021,E,62898,SKINS,51
6021,E,62903,SKINS,51
6021,E,62904,SKINS,51
6021,E,62906,SKINS,51
6021,E,62909,SKINS,51
6021,E,62914,SKINS,51
6021,E,62920,SKINS,51
6021,E,62921,SKINS,51
6021,E,62927,SKINS,51
6021,E,62931,SKINS,51
6021,E,62934,SKINS,51
6021,E,62940,SKINS,51
6021,E,62951,SKINS,51
6021,E,62954,SKINS,51
6021,E,62955,SKINS,51
6021,E,62957,SKINS,51
6021,E,62960,SKINS,51
6021,E,62962,SKINS,51
6021,E,62965,SKINS,51
6021,E,62967,SKINS,51
6021,E,62977,SKINS,51
6021,E,62980,SKINS,51
6021,E,62987,SKINS,51
6021,E,62992,SKINS,51
6021,E,62994,SKINS,51
6021,E,62997,SKINS,51
6021,E,63001,SKINS,51
6021,E,63003,SKINS,51
6021,E,63006,SKINS,51
6021,E,63010,SKINS,51
6021,E,63011,SKINS,51
6021,E,63013,SKINS,51
6021,E,63014,SKINS,51
6021,E,63017,SKINS,51
6021,E,63019,SKINS,51
6021,E,63022,SKINS,51
6021,E,63026,SKINS,51
6021,E,63031,SKINS,51
6021,E,63037,SKINS,51
6021,E,63040,SKINS,51
6021,E,63041,SKINS,51
6021,E,63055,SKINS,51
6021,E,63062,SKINS,51
6021,E,63070,SKINS,51
6021,E,63073,SKINS,51
6021,E,63074,SKINS,51
6021,E,63075,SKINS,51
6021,E,63080,SKINS,51
6021,E,63088,SKINS,51
6021,E,63097,SKINS,51
6021,E,63101,SKINS,51
6021,E,63114,SKINS,51
6021,E,63116,SKINS,51
6021,E,63121,SKINS,51
6021,E,63122,SKINS,51
6021,E,63124,SKINS,51
6021,E,63125,SKINS,51
6021,E,63129,SKINS,51
6021,E,63134,SKINS,51
6021,E,63136,SKINS,51
6021,E,63139,SKINS,51
6021,E,63140,SKINS,51
6021,E,63145,SKINS,51
6021,E,63147,SKINS,51
6021,E,63149,SKINS,51
6021,E,63150,SKINS,51
6021,E,63152,SKINS,51
6021,E,63156,SKINS,51
6021,E,63159,SKINS,51
6021,E,63168,SKINS,51
6021,E,63172,SKINS,51
6021,E,63180,SKINS,51
6021,E,63185,SKINS,51
6021,E,63186,SKINS,51
6021,E,63188,SKINS,51
6021,E,63191,SKINS,51
6021,E,63199,SKINS,51
6021,E,63201,SKINS,51
6021,E,63204,SKINS,51
6021,E,63207,SKINS,51
6021,E,63214,SKINS,51
6021,E,63220,SKINS,51
6021,E,63223,SKINS,51
6021,E,63227,SKINS,51
6021,E,63234,SKINS,51
6021,E,63235,SKINS,51
6021,E,63239,SKINS,51
6021,E,63245,SKINS,51
6021,E,63253,SKINS,51
6021,E,63254,SKINS,51
6021,E,63260,SKINS,51
6021,E,63263,SKINS,51
6021,E,63267,SKINS,51
6021,E,63269,SKINS,51
6021,E,63271,SKINS,51
6021,E,63281,SKINS,51
6021,E,63295,SKINS,51
6021,E,63296,SKINS,51
6021,E,63297,SKINS,51
6021,E,63301,SKINS,51
6021,E,63305,SKINS,51
6021,E,63308,SKINS,51
6021,E,63320,SKINS,51
6021,E,63322,SKINS,51
6021,E,63334,SKINS,51
6021,E,63335,SKINS,51
6021,E,63340,SKINS,51
6021,E,63344,SKINS,51
6021,E,63345,SKINS,51
6021,E,63346,SKINS,51
6021,E,63347,SKINS,51
6021,E,63349,SKINS,51
6021,E,63351,SKINS,51
6021,E,63367,SKINS,51
6021,E,63369,SKINS,51
6021,E,63370,SKINS,51
6021,E,63372,SKINS,51
6021,E,63373,SKINS,51
6021,E,63376,SKINS,51
6021,E,63381,SKINS,51
6021,E,63382,SKINS,51
6021,E,63383,SKINS,51
6021,E,63385,SKINS,51
6021,E,63398,SKINS,51
6021,E,63403,SKINS,51
6021,E,63404,SKINS,51
6021,E,63407,SKINS,51
6021,E,63411,SKINS,51
6021,E,63414,SKINS,51
6021,E,63417,SKINS,52
6021,E,63419,SKINS,52
6021,E,63420,SKINS,52
6021,E,63423,SKINS,52
6021,E,63430,SKINS,52
6021,E,63435,SKINS,52
6021,E,63440,SKINS,52
6021,E,63447,SKINS,52
6021,E,63452,SKINS,52
6021,E,63453,SKINS,52
6021,E,63454,SKINS,52
6021,E,63455,SKINS,52
6021,E,63457,SKINS,52
6021,E,63462,SKINS,52
6021,E,63472,SKINS,52
6021,E,63474,SKINS,52
6021,E,63476,SKINS,52
6021,E,63478,SKINS,52
6021,E,63481,SKINS,52
6021,E,63482,SKINS,52
6021,E,63486,SKINS,52
6021,E,63495,SKINS,52
6021,E,63499,SKINS,52
6021,E,63500,SKINS,52
6021,E,63501,SKINS,52
6021,E,63503,SKINS,52
6021,E,63505,SKINS,52
6021,E,63517,SKINS,52
6021,E,63518,SKINS,52
6021,E,63522,SKINS,52
6021,E,63525,SKINS,52
6021,E,63527,SKINS,52
6021,E,63530,SKINS,52
6021,E,63531,SKINS,52
6021,E,63532,SKINS,52
6021,E,63535,SKINS,52
6021,E,63536,SKINS,52
6021,E,63537,SKINS,52
6021,E,63552,SKINS,52
6021,E,63556,SKINS,52
6021,E,63576,SKINS,52
6021,E,63581,SKINS,52
6021,E,63585,SKINS,52
6021,E,63587,SKINS,52
6021,E,63592,SKINS,52
6021,E,63593,SKINS,52
6021,E,63602,SKINS,52
6021,E,63604,SKINS,52
6021,E,63607,SKINS,52
6021,E,63609,SKINS,52
6021,E,63613,SKINS,52
6021,E,63629,SKINS,52
6021,E,63630,SKINS,52
6021,E,63633,SKINS,52
6021,E,63637,SKINS,52
6021,E,63638,SKINS,52
6021,E,63668,SKINS,52
6021,E,63669,SKINS,52
6021,E,63672,SKINS,52
6021,E,63674,SKINS,52
6021,E,63683,SKINS,52
6021,E,63684,SKINS,52
6021,E,63685,SKINS,52
6021,E,63721,SKINS,52
6021,E,63722,SKINS,52
6021,E,63724,SKINS,52
6021,E,63746,SKINS,52
6021,E,63747,SKINS,52
6021,E,63750,SKINS,52
6021,E,63751,SKINS,52
6021,E,63752,SKINS,52
6021,E,63753,SKINS,52
6021,E,63754,SKINS,52
6021,E,63755,SKINS,52
6021,E,63757,SKINS,52
6021,E,63764,SKINS,52
6021,E,63767,SKINS,52
6021,E,63771,SKINS,52
6021,E,63772,SKINS,52
6021,E,63801,SKINS,52
6021,E,63811,SKINS,52
608,E,2478,SKINS,52
6106,E,63841,SKINS,52
6106,E,63883,SKINS,52
6106,E,63884,SKINS,52
6106,E,63938,SKINS,52
6106,E,63997,SKINS,52
6106,E,64078,SKINS,52
6106,E,64087,SKINS,52
6106,E,64169,SKINS,52
6106,E,64185,SKINS,52
6106,E,64366,SKINS,52
6106,E,64403,SKINS,52
6106,E,64435,SKINS,52
6106,E,64480,SKINS,52
6106,E,64555,SKINS,52
6106,E,64605,SKINS,52
6106,E,64610,SKINS,52
6106,E,64652,SKINS,52
6110,E,64679,SKINS,52
6110,E,64687,SKINS,52
6110,E,64693,SKINS,52
6110,E,64694,SKINS,52
6110,E,64701,SKINS,52
6110,E,64705,SKINS,52
6110,E,64706,SKINS,52
6110,E,64707,SKINS,52
6110,E,64713,SKINS,52
6110,E,64714,SKINS,52
6110,E,64718,SKINS,52
6110,E,64720,SKINS,52
6110,E,64722,SKINS,52
6110,E,64729,SKINS,52
6110,E,64730,SKINS,52
6110,E,64735,SKINS,52
6110,E,64744,SKINS,52
6110,E,64745,SKINS,52
6110,E,64754,SKINS,52
6110,E,64755,SKINS,52
6110,E,64760,SKINS,52
6110,E,64764,SKINS,52
6110,E,64767,SKINS,52
6110,E,64770,SKINS,52
6110,E,64777,SKINS,52
6110,E,64780,SKINS,52
6110,E,64784,SKINS,52
6110,E,64786,SKINS,52
6110,E,64789,SKINS,52
6110,E,64793,SKINS,52
6110,E,64796,SKINS,52
6110,E,64798,SKINS,52
6110,E,64801,SKINS,52
6110,E,64806,SKINS,52
6110,E,64810,SKINS,52
6110,E,64811,SKINS,52
6110,E,64814,SKINS,52
6110,E,64818,SKINS,52
6110,E,64822,SKINS,52
6110,E,64823,SKINS,52
6110,E,64832,SKINS,52
6110,E,64837,SKINS,53
6110,E,64838,SKINS,53
6110,E,64840,SKINS,53
6110,E,64841,SKINS,53
6110,E,64844,SKINS,53
6110,E,64845,SKINS,53
6110,E,64846,SKINS,53
6110,E,64850,SKINS,53
6110,E,64851,SKINS,53
6110,E,64869,SKINS,53
6110,E,64872,SKINS,53
6110,E,64875,SKINS,53
6110,E,64876,SKINS,53
6110,E,64880,SKINS,53
6110,E,64883,SKINS,53
6110,E,64886,SKINS,53
6110,E,64888,SKINS,53
6110,E,64890,SKINS,53
6110,E,64900,SKINS,53
6110,E,64905,SKINS,53
6110,E,64908,SKINS,53
6110,E,64911,SKINS,53
6110,E,64914,SKINS,53
6110,E,64916,SKINS,53
6110,E,64925,SKINS,53
6110,E,64938,SKINS,53
6110,E,64942,SKINS,53
6110,E,64947,SKINS,53
6110,E,64952,SKINS,53
6110,E,64958,SKINS,53
6110,E,64959,SKINS,53
6110,E,64967,SKINS,53
6110,E,64969,SKINS,53
6110,E,64976,SKINS,53
6110,E,64977,SKINS,53
6110,E,64981,SKINS,53
6110,E,64986,SKINS,53
6110,E,64991,SKINS,53
6110,E,64993,SKINS,53
6110,E,64994,SKINS,53
6110,E,64998,SKINS,53
6110,E,64999,SKINS,53
6110,E,65002,SKINS,53
6110,E,65003,SKINS,53
6110,E,65004,SKINS,53
6110,E,65006,SKINS,53
6110,E,65016,SKINS,53
6110,E,65023,SKINS,53
6110,E,65034,SKINS,53
6110,E,65037,SKINS,53
6110,E,65038,SKINS,53
6110,E,65068,SKINS,53
6110,E,65074,SKINS,53
6110,E,65079,SKINS,53
6110,E,65084,SKINS,53
6110,E,65086,SKINS,53
6110,E,65108,SKINS,53
6110,E,65110,SKINS,53
6110,E,65112,SKINS,53
6110,E,65115,SKINS,53
6110,E,65121,SKINS,53
6110,E,65122,SKINS,53
6110,E,65137,SKINS,53
6110,E,65148,SKINS,53
6110,E,65155,SKINS,53
6110,E,65156,SKINS,53
6110,E,65162,SKINS,53
6110,E,65169,SKINS,53
6110,E,65170,SKINS,53
6110,E,65171,SKINS,53
6110,E,65173,SKINS,53
6110,E,65175,SKINS,53
6110,E,65176,SKINS,53
6110,E,65179,SKINS,53
6110,E,65181,SKINS,53
6110,E,65184,SKINS,53
6110,E,65225,SKINS,53
6110,E,65226,SKINS,53
6110,E,65230,SKINS,53
6110,E,65253,SKINS,53
6110,E,65255,SKINS,53
6110,E,65261,SKINS,53
6110,E,65269,SKINS,53
6110,E,65273,SKINS,53
6110,E,65274,SKINS,53
6110,E,65275,SKINS,53
6110,E,65278,SKINS,53
6110,E,65288,SKINS,53
6110,E,65294,SKINS,53
6110,E,65303,SKINS,53
6110,E,65310,SKINS,53
6110,E,65314,SKINS,53
6110,E,65323,SKINS,53
6110,E,65325,SKINS,53
6110,E,65333,SKINS,53
6110,E,65337,SKINS,53
6110,E,65345,SKINS,53
6110,E,65347,SKINS,53
6110,E,65352,SKINS,53
6110,E,65362,SKINS,53
6110,E,65369,SKINS,53
6110,E,65370,SKINS,53
6110,E,65384,SKINS,53
6110,E,65386,SKINS,53
6110,E,65389,SKINS,53
6110,E,65391,SKINS,53
6110,E,65397,SKINS,53
6110,E,65398,SKINS,53
6110,E,65401,SKINS,53
6110,E,65406,SKINS,53
6110,E,65408,SKINS,53
6110,E,65410,SKINS,53
6110,E,65414,SKINS,53
6110,E,65420,SKINS,53
6110,E,65423,SKINS,53
6110,E,65427,SKINS,53
6110,E,65429,SKINS,53
6110,E,65433,SKINS,53
6110,E,65436,SKINS,54
6110,E,65440,SKINS,54
6110,E,65445,SKINS,54
6110,E,65447,SKINS,54
6110,E,65449,SKINS,54
6110,E,65450,SKINS,54
6110,E,65451,SKINS,54
6110,E,65455,SKINS,54
6110,E,65462,SKINS,54
6110,E,65463,SKINS,54
6110,E,65468,SKINS,54
6110,E,65483,SKINS,54
6110,E,65487,SKINS,54
6110,E,65488,SKINS,54
6110,E,65499,SKINS,54
6110,E,65500,SKINS,54
6110,E,65501,SKINS,54
6110,E,65502,SKINS,54
6110,E,65503,SKINS,54
6110,E,65504,SKINS,54
6110,E,65507,SKINS,54
6110,E,65512,SKINS,54
6110,E,65513,SKINS,54
6110,E,65524,SKINS,54
6110,E,65527,SKINS,54
6110,E,65529,SKINS,54
6110,E,65540,SKINS,54
6110,E,65548,SKINS,54
6110,E,65550,SKINS,54
6110,E,65555,SKINS,54
6110,E,65563,SKINS,54
6110,E,65566,SKINS,54
6110,E,65570,SKINS,54
6110,E,65575,SKINS,54
6110,E,65579,SKINS,54
6110,E,65584,SKINS,54
6110,E,65590,SKINS,54
6110,E,65595,SKINS,54
6110,E,65597,SKINS,54
6110,E,65598,SKINS,54
6110,E,65599,SKINS,54
6110,E,65604,SKINS,54
6110,E,65607,SKINS,54
6110,E,65609,SKINS,54
6110,E,65617,SKINS,54
6110,E,65619,SKINS,54
6110,E,65620,SKINS,54
6110,E,65622,SKINS,54
6110,E,65623,SKINS,54
6110,E,65628,SKINS,54
6110,E,65640,SKINS,54
6110,E,65646,SKINS,54
6110,E,65650,SKINS,54
6110,E,65658,SKINS,54
6110,E,65661,SKINS,54
6110,E,65664,SKINS,54
6110,E,65668,SKINS,54
6110,E,65670,SKINS,54
6110,E,65684,SKINS,54
6110,E,65688,SKINS,54
6110,E,65689,SKINS,54
6110,E,65695,SKINS,54
6110,E,65710,SKINS,54
6110,E,65712,SKINS,54
6110,E,65713,SKINS,54
6110,E,65714,SKINS,54
6110,E,65724,SKINS,54
6110,E,65726,SKINS,54
6110,E,65731,SKINS,54
6110,E,65732,SKINS,54
6110,E,65733,SKINS,54
6110,E,65739,SKINS,54
6110,E,65740,SKINS,54
6110,E,65741,SKINS,54
6110,E,65744,SKINS,54
6110,E,65747,SKINS,54
6110,E,65754,SKINS,54
6110,E,65755,SKINS,54
6110,E,65758,SKINS,54
6110,E,65759,SKINS,54
6110,E,65763,SKINS,54
6110,E,65766,SKINS,54
6110,E,65767,SKINS,54
6110,E,65769,SKINS,54
6110,E,65772,SKINS,54
6110,E,65777,SKINS,54
6110,E,65778,SKINS,54
6110,E,65779,SKINS,54
6110,E,65792,SKINS,54
6110,E,65794,SKINS,54
6110,E,65796,SKINS,54
6110,E,65800,SKINS,54
6110,E,65805,SKINS,54
6110,E,65809,SKINS,54
6110,E,65810,SKINS,54
6110,E,65819,SKINS,54
6110,E,65820,SKINS,54
6110,E,65839,SKINS,54
6110,E,65846,SKINS,54
6110,E,65851,SKINS,54
6110,E,65877,SKINS,54
6110,E,65880,SKINS,54
6110,E,65881,SKINS,54
6110,E,65888,SKINS,54
6110,E,65893,SKINS,54
6110,E,65917,SKINS,54
6138,E,66019,SKINS,54
6138,E,66026,SKINS,54
6138,E,66031,SKINS,54
6138,E,66060,SKINS,54
6138,E,66147,SKINS,54
6138,E,66183,SKINS,54
6138,E,66188,SKINS,54
6138,E,66213,SKINS,54
6138,E,66220,SKINS,54
6138,E,66233,SKINS,54
6138,E,66251,SKINS,54
6138,E,66357,SKINS,54
6138,E,66379,SKINS,54
6138,E,66420,SKINS,54
6138,E,66436,SKINS,54
6138,E,66460,SKINS,54
6138,E,66486,SKINS,54
6138,E,66515,SKINS,54
6138,E,66516,SKINS,54
6138,E,66540,SKINS,54
6138,E,66559,SKINS,54
6138,E,66581,SKINS,54
6138,E,66639,SKINS,54
6138,E,66684,SKINS,54
6138,E,66706,SKINS,54
6138,E,66739,SKINS,54
6138,E,66748,SKINS,54
6138,E,66751,SKINS,54
6138,E,66775,SKINS,54
6138,E,66777,SKINS,54
6138,E,66924,SKINS,54
6138,E,66966,SKINS,54
6138,E,67139,SKINS,54
6138,E,67256,SKINS,54
6138,E,67257,SKINS,54
6138,E,67319,SKINS,54
6138,E,67340,SKINS,54
6138,E,67345,SKINS,54
6138,E,67349,SKINS,54
6138,E,67390,SKINS,54
6138,E,67437,SKINS,55
6138,E,67651,SKINS,55
6138,E,67675,SKINS,55
6138,E,67773,SKINS,55
6182,E,67794,SKINS,55
6182,E,67795,SKINS,55
6182,E,67798,SKINS,55
6182,E,67800,SKINS,55
6182,E,67802,SKINS,55
6182,E,67803,SKINS,55
6182,E,67807,SKINS,55
6182,E,67808,SKINS,55
6182,E,67810,SKINS,55
6182,E,67819,SKINS,55
6182,E,67825,SKINS,55
6182,E,67828,SKINS,55
6182,E,67831,SKINS,55
6182,E,67835,SKINS,55
6182,E,67841,SKINS,55
6182,E,67842,SKINS,55
6182,E,67843,SKINS,55
6182,E,67845,SKINS,55
6182,E,67847,SKINS,55
6182,E,67849,SKINS,55
6182,E,67850,SKINS,55
6182,E,67857,SKINS,55
6182,E,67861,SKINS,55
6182,E,67862,SKINS,55
6182,E,67866,SKINS,55
6182,E,67875,SKINS,55
6182,E,67880,SKINS,55
6182,E,67881,SKINS,55
6182,E,67884,SKINS,55
6182,E,67885,SKINS,55
6182,E,67886,SKINS,55
6182,E,67890,SKINS,55
6182,E,67892,SKINS,55
6182,E,67894,SKINS,55
6182,E,67898,SKINS,55
6182,E,67900,SKINS,55
6182,E,67901,SKINS,55
6182,E,67903,SKINS,55
6182,E,67908,SKINS,55
6182,E,67910,SKINS,55
6182,E,67911,SKINS,55
6182,E,67913,SKINS,55
6182,E,67917,SKINS,55
6182,E,67925,SKINS,55
6182,E,67933,SKINS,55
6182,E,67934,SKINS,55
6182,E,67941,SKINS,55
6182,E,67951,SKINS,55
6182,E,67954,SKINS,55
6182,E,67957,SKINS,55
6182,E,67958,SKINS,55
6182,E,67959,SKINS,55
6182,E,67962,SKINS,55
6182,E,67965,SKINS,55
6182,E,67968,SKINS,55
6182,E,67969,SKINS,55
6182,E,67972,SKINS,55
6182,E,67975,SKINS,55
6182,E,67979,SKINS,55
6182,E,67985,SKINS,55
6182,E,67991,SKINS,55
6182,E,67994,SKINS,55
6182,E,67995,SKINS,55
6182,E,67998,SKINS,55
6182,E,68004,SKINS,55
6182,E,68008,SKINS,55
6182,E,68013,SKINS,55
6182,E,68019,SKINS,55
6182,E,68022,SKINS,55
6182,E,68025,SKINS,55
6182,E,68026,SKINS,55
6182,E,68027,SKINS,55
6182,E,68028,SKINS,55
6182,E,68029,SKINS,55
6182,E,68030,SKINS,55
6182,E,68031,SKINS,55
6182,E,68034,SKINS,55
6182,E,68035,SKINS,55
6182,E,68036,SKINS,55
6182,E,68038,SKINS,55
6182,E,68039,SKINS,55
6182,E,68040,SKINS,55
6182,E,68043,SKINS,55
6182,E,68046,SKINS,55
6182,E,68047,SKINS,55
6182,E,68051,SKINS,55
6182,E,68065,SKINS,55
6182,E,68066,SKINS,55
6182,E,68075,SKINS,55
6182,E,68076,SKINS,55
6182,E,68078,SKINS,55
6182,E,68087,SKINS,55
6182,E,68096,SKINS,55
6182,E,68099,SKINS,55
6182,E,68101,SKINS,55
6182,E,68113,SKINS,55
6182,E,68118,SKINS,55
6182,E,68121,SKINS,55
6182,E,68131,SKINS,55
6182,E,68135,SKINS,55
6182,E,68137,SKINS,55
6182,E,68155,SKINS,55
6182,E,68157,SKINS,55
6182,E,68160,SKINS,55
6182,E,68161,SKINS,55
6182,E,68167,SKINS,55
6182,E,68173,SKINS,55
6182,E,68189,SKINS,55
6182,E,68191,SKINS,55
6182,E,68193,SKINS,55
6182,E,68195,SKINS,55
6182,E,68201,SKINS,55
6182,E,68203,SKINS,55
6182,E,68214,SKINS,55
6182,E,68215,SKINS,55
6182,E,68229,SKINS,55
6182,E,68232,SKINS,55
6182,E,68242,SKINS,55
6182,E,68243,SKINS,55
6182,E,68244,SKINS,55
6182,E,68246,SKINS,55
6182,E,68247,SKINS,55
6182,E,68248,SKINS,55
6182,E,68253,SKINS,55
6182,E,68254,SKINS,55
6182,E,68263,SKINS,55
6182,E,68271,SKINS,55
6182,E,68276,SKINS,55
6182,E,68277,SKINS,55
6182,E,68288,SKINS,55
6182,E,68298,SKINS,55
6182,E,68303,SKINS,55
6182,E,68313,SKINS,55
6182,E,68315,SKINS,55
6182,E,68320,SKINS,55
6182,E,68321,SKINS,55
6182,E,68324,SKINS,55
6182,E,68325,SKINS,55
6182,E,68339,SKINS,55
6182,E,68341,SKINS,55
6182,E,68346,SKINS,55
6182,E,68355,SKINS,55
6182,E,68367,SKINS,56
6182,E,68370,SKINS,56
6182,E,68373,SKINS,56
6182,E,68384,SKINS,56
6182,E,68388,SKINS,56
6182,E,68390,SKINS,56
6182,E,68395,SKINS,56
6182,E,68406,SKINS,56
6182,E,68412,SKINS,56
6182,E,68414,SKINS,56
6182,E,68436,SKINS,56
6182,E,68437,SKINS,56
6182,E,68445,SKINS,56
6182,E,68450,SKINS,56
6182,E,68453,SKINS,56
6182,E,68454,SKINS,56
6182,E,68455,SKINS,56
6182,E,68458,SKINS,56
6182,E,68459,SKINS,56
6182,E,68460,SKINS,56
6182,E,68470,SKINS,56
6182,E,68472,SKINS,56
6182,E,68474,SKINS,56
6182,E,68475,SKINS,56
6182,E,68480,SKINS,56
6182,E,68482,SKINS,56
6182,E,68485,SKINS,56
6182,E,68494,SKINS,56
6182,E,68496,SKINS,56
6182,E,68500,SKINS,56
6182,E,68509,SKINS,56
6182,E,68511,SKINS,56
6182,E,68512,SKINS,56
6182,E,68515,SKINS,56
6182,E,68517,SKINS,56
6182,E,68519,SKINS,56
6182,E,68521,SKINS,56
6182,E,68526,SKINS,56
6182,E,68530,SKINS,56
6182,E,68532,SKINS,56
6182,E,68534,SKINS,56
6182,E,68537,SKINS,56
6182,E,68538,SKINS,56
6182,E,68540,SKINS,56
6182,E,68547,SKINS,56
6182,E,68549,SKINS,56
6182,E,68551,SKINS,56
6182,E,68552,SKINS,56
6182,E,68559,SKINS,56
6182,E,68564,SKINS,56
6182,E,68565,SKINS,56
6182,E,68566,SKINS,56
6182,E,68583,SKINS,56
6182,E,68594,SKINS,56
6182,E,68598,SKINS,56
6182,E,68601,SKINS,56
6182,E,68603,SKINS,56
6182,E,68608,SKINS,56
6182,E,68612,SKINS,56
6182,E,68626,SKINS,56
6182,E,68628,SKINS,56
6182,E,68634,SKINS,56
6182,E,68636,SKINS,56
6182,E,68639,SKINS,56
6182,E,68640,SKINS,56
6182,E,68646,SKINS,56
6182,E,68654,SKINS,56
6182,E,68655,SKINS,56
6182,E,68659,SKINS,56
6182,E,68666,SKINS,56
6182,E,68669,SKINS,56
6182,E,68671,SKINS,56
6182,E,68672,SKINS,56
6182,E,68678,SKINS,56
6182,E,68681,SKINS,56
6182,E,68701,SKINS,56
6182,E,68707,SKINS,56
6182,E,68713,SKINS,56
6182,E,68714,SKINS,56
6182,E,68723,SKINS,56
6182,E,68729,SKINS,56
6182,E,68731,SKINS,56
6182,E,68737,SKINS,56
6182,E,68747,SKINS,56
6182,E,68751,SKINS,56
6182,E,68765,SKINS,56
6182,E,68768,SKINS,56
6182,E,68771,SKINS,56
6182,E,68773,SKINS,56
6182,E,68784,SKINS,56
6182,E,68786,SKINS,56
6182,E,68789,SKINS,56
6182,E,68791,SKINS,56
6182,E,68797,SKINS,56
6182,E,68806,SKINS,56
6182,E,68807,SKINS,56
6182,E,68812,SKINS,56
6182,E,68813,SKINS,56
6182,E,68815,SKINS,56
6182,E,68819,SKINS,56
6182,E,68842,SKINS,56
6182,E,68850,SKINS,56
6182,E,68870,SKINS,56
6182,E,68876,SKINS,56
6182,E,68877,SKINS,56
6182,E,68883,SKINS,56
6182,E,68886,SKINS,56
6183,E,68906,SKINS,56
6183,E,68917,SKINS,56
6183,E,68922,SKINS,56
6183,E,68923,SKINS,56
6183,E,68932,SKINS,56
6183,E,68936,SKINS,56
6183,E,68954,SKINS,56
6183,E,68959,SKINS,56
6183,E,68961,SKINS,56
6183,E,68963,SKINS,56
6183,E,68965,SKINS,56
6183,E,68966,SKINS,56
6183,E,68967,SKINS,56
6183,E,68976,SKINS,56
6183,E,68977,SKINS,56
6183,E,69000,SKINS,56
6183,E,69006,SKINS,56
6183,E,69007,SKINS,56
6183,E,69015,SKINS,56
6183,E,69023,SKINS,56
6183,E,69026,SKINS,56
6183,E,69028,SKINS,56
6183,E,69030,SKINS,56
6183,E,69039,SKINS,56
6183,E,69065,SKINS,56
6183,E,69066,SKINS,56
6183,E,69070,SKINS,56
6183,E,69074,SKINS,56
6183,E,69080,SKINS,56
6183,E,69081,SKINS,56
6183,E,69082,SKINS,56
6183,E,69083,SKINS,56
6183,E,69090,SKINS,56
6183,E,69093,SKINS,56
6183,E,69095,SKINS,56
6183,E,69097,SKINS,56
6183,E,69099,SKINS,56
6183,E,69104,SKINS,56
6183,E,69110,SKINS,56
6183,E,69113,SKINS,56
6183,E,69124,SKINS,56
6183,E,69130,SKINS,56
6183,E,69132,SKINS,56
6183,E,69157,SKINS,56
6183,E,69161,SKINS,56
6183,E,69165,SKINS,57
6183,E,69166,SKINS,57
6183,E,69173,SKINS,57
6183,E,69185,SKINS,57
6183,E,69193,SKINS,57
6183,E,69195,SKINS,57
6183,E,69199,SKINS,57
6183,E,69206,SKINS,57
6183,E,69233,SKINS,57
6183,E,69237,SKINS,57
6183,E,69240,SKINS,57
6183,E,69245,SKINS,57
6183,E,69262,SKINS,57
6183,E,69263,SKINS,57
6183,E,69267,SKINS,57
6183,E,69269,SKINS,57
6183,E,69279,SKINS,57
6183,E,69284,SKINS,57
6183,E,69286,SKINS,57
6183,E,69288,SKINS,57
6183,E,69294,SKINS,57
6183,E,69301,SKINS,57
6183,E,69303,SKINS,57
6183,E,69319,SKINS,57
6183,E,69320,SKINS,57
6183,E,69321,SKINS,57
6183,E,69327,SKINS,57
6183,E,69341,SKINS,57
6183,E,69343,SKINS,57
6183,E,69347,SKINS,57
6183,E,69354,SKINS,57
6183,E,69355,SKINS,57
6183,E,69356,SKINS,57
6183,E,69358,SKINS,57
6183,E,69360,SKINS,57
6183,E,69367,SKINS,57
6183,E,69375,SKINS,57
6183,E,69376,SKINS,57
6183,E,69380,SKINS,57
6183,E,69384,SKINS,57
6183,E,69391,SKINS,57
6183,E,69392,SKINS,57
6183,E,69393,SKINS,57
6183,E,69395,SKINS,57
6183,E,69404,SKINS,57
6183,E,69409,SKINS,57
6183,E,69410,SKINS,57
6183,E,69418,SKINS,57
6183,E,69427,SKINS,57
6183,E,69429,SKINS,57
6183,E,69431,SKINS,57
6183,E,69436,SKINS,57
6183,E,69447,SKINS,57
6183,E,69450,SKINS,57
6183,E,69453,SKINS,57
6183,E,69457,SKINS,57
6183,E,69459,SKINS,57
6183,E,69466,SKINS,57
6183,E,69472,SKINS,57
6183,E,69474,SKINS,57
6183,E,69475,SKINS,57
6183,E,69479,SKINS,57
6183,E,69488,SKINS,57
6183,E,69489,SKINS,57
6183,E,69507,SKINS,57
6183,E,69508,SKINS,57
6183,E,69526,SKINS,57
6183,E,69527,SKINS,57
6183,E,69528,SKINS,57
6183,E,69530,SKINS,57
6183,E,69532,SKINS,57
6183,E,69533,SKINS,57
6183,E,69535,SKINS,57
6183,E,69541,SKINS,57
6183,E,69544,SKINS,57
6183,E,69550,SKINS,57
6183,E,69554,SKINS,57
6183,E,69555,SKINS,57
6183,E,69570,SKINS,57
6183,E,69580,SKINS,57
6183,E,69581,SKINS,57
6183,E,69586,SKINS,57
6183,E,69590,SKINS,57
6183,E,69601,SKINS,57
6183,E,69611,SKINS,57
6183,E,69615,SKINS,57
6183,E,69618,SKINS,57
6183,E,69623,SKINS,57
6183,E,69627,SKINS,57
6183,E,69628,SKINS,57
6183,E,69629,SKINS,57
6183,E,69630,SKINS,57
6183,E,69638,SKINS,57
6183,E,69640,SKINS,57
6183,E,69644,SKINS,57
6183,E,69646,SKINS,57
6183,E,69654,SKINS,57
6183,E,69669,SKINS,57
6183,E,69672,SKINS,57
6183,E,69676,SKINS,57
6183,E,69677,SKINS,57
6183,E,69678,SKINS,57
6183,E,69690,SKINS,57
6183,E,69694,SKINS,57
6183,E,69698,SKINS,57
6183,E,69712,SKINS,57
6183,E,69721,SKINS,57
6183,E,69728,SKINS,57
6183,E,69731,SKINS,57
6183,E,69734,SKINS,57
6183,E,69744,SKINS,57
6183,E,69746,SKINS,57
6183,E,69749,SKINS,57
6183,E,69758,SKINS,57
6183,E,69760,SKINS,57
6183,E,69767,SKINS,57
6183,E,69773,SKINS,57
6183,E,69775,SKINS,57
6183,E,69777,SKINS,57
6183,E,69784,SKINS,57
6183,E,69785,SKINS,57
6183,E,69788,SKINS,57
6183,E,69792,SKINS,57
6183,E,69802,SKINS,57
6183,E,69803,SKINS,57
6183,E,69804,SKINS,57
6183,E,69806,SKINS,57
6183,E,69813,SKINS,57
6183,E,69818,SKINS,57
6183,E,69821,SKINS,57
6183,E,69830,SKINS,57
6183,E,69836,SKINS,57
6183,E,69840,SKINS,57
6183,E,69843,SKINS,57
6183,E,69846,SKINS,57
6183,E,69849,SKINS,57
6183,E,69850,SKINS,57
6183,E,69870,SKINS,57
6183,E,69873,SKINS,57
6183,E,69876,SKINS,57
6183,E,69879,SKINS,57
6183,E,69887,SKINS,57
6183,E,69888,SKINS,57
6183,E,69893,SKINS,57
6183,E,69896,SKINS,57
6183,E,69899,SKINS,57
6185,E,69958,SKINS,57
6185,E,69993,SKINS,57
6185,E,69994,SKINS,57
6185,E,70023,SKINS,58
6185,E,70042,SKINS,58
6185,E,70054,SKINS,58
6185,E,70060,SKINS,58
6185,E,70120,SKINS,58
6185,E,70182,SKINS,58
6185,E,70184,SKINS,58
6185,E,70190,SKINS,58
6185,E,70257,SKINS,58
6185,E,70266,SKINS,58
6185,E,70307,SKINS,58
6185,E,70341,SKINS,58
6185,E,70380,SKINS,58
6185,E,70439,SKINS,58
6185,E,70489,SKINS,58
6185,E,70492,SKINS,58
6185,E,70502,SKINS,58
6185,E,70526,SKINS,58
6185,E,70529,SKINS,58
6185,E,70530,SKINS,58
6185,E,70533,SKINS,58
6185,E,70553,SKINS,58
6185,E,70557,SKINS,58
6185,E,70563,SKINS,58
6185,E,70593,SKINS,58
6185,E,70611,SKINS,58
6185,E,70615,SKINS,58
6185,E,70617,SKINS,58
6185,E,70638,SKINS,58
6185,E,70643,SKINS,58
6217,E,70855,SKINS,58
6220,E,70860,SKINS,58
6221,E,70890,SKINS,58
6221,E,70908,SKINS,58
6221,E,70915,SKINS,58
6221,E,70927,SKINS,58
6221,E,70950,SKINS,58
6221,E,70970,SKINS,58
6221,E,71021,SKINS,58
6221,E,71058,SKINS,58
6221,E,71061,SKINS,58
6313,E,71158,SKINS,58
6313,E,71167,SKINS,58
6314,E,71260,SKINS,58
6325,E,71322,SKINS,58
6325,E,71364,SKINS,58
6325,G,71277,SKINS,58
6337,E,71444,SKINS,58
6337,E,71447,SKINS,58
6337,E,71471,SKINS,58
6337,E,71479,SKINS,58
6337,E,71481,SKINS,58
6337,E,71486,SKINS,58
6337,E,71496,SKINS,58
6337,E,71498,SKINS,58
6337,E,71501,SKINS,58
6337,E,71506,SKINS,58
6337,E,71515,SKINS,58
6337,E,71526,SKINS,58
6337,E,71534,SKINS,58
6337,E,71535,SKINS,58
6337,E,71546,SKINS,58
6337,E,71551,SKINS,58
6337,E,71553,SKINS,58
6337,E,71554,SKINS,58
6337,E,71557,SKINS,58
6337,E,71561,SKINS,58
6337,E,71563,SKINS,58
6337,E,71567,SKINS,58
6337,E,71572,SKINS,58
6337,E,71578,SKINS,58
6337,E,71582,SKINS,58
6337,E,71584,SKINS,58
6337,E,71585,SKINS,58
6337,E,71586,SKINS,58
6337,E,71587,SKINS,58
6337,E,71591,SKINS,58
6337,E,71593,SKINS,58
6337,E,71594,SKINS,58
6337,E,71596,SKINS,58
6337,E,71600,SKINS,58
6337,E,71607,SKINS,58
6337,E,71608,SKINS,58
6337,E,71611,SKINS,58
6337,E,71620,SKINS,58
6337,E,71624,SKINS,58
6337,E,71627,SKINS,58
6337,E,71630,SKINS,58
6337,E,71632,SKINS,58
6337,E,71635,SKINS,58
6337,E,71638,SKINS,58
6337,E,71642,SKINS,58
6337,E,71645,SKINS,58
6337,E,71654,SKINS,58
6337,E,71656,SKINS,58
6337,E,71670,SKINS,58
6337,E,71686,SKINS,58
6337,E,71695,SKINS,58
6337,E,71702,SKINS,58
6337,E,71711,SKINS,58
6337,E,71719,SKINS,58
6337,E,71747,SKINS,58
6337,E,71752,SKINS,58
6337,E,71755,SKINS,58
6337,E,71757,SKINS,58
6337,E,71763,SKINS,58
6337,E,71767,SKINS,58
6337,E,71791,SKINS,58
6337,E,71794,SKINS,58
6337,E,71795,SKINS,58
6337,E,71807,SKINS,58
6337,E,71811,SKINS,58
6337,E,71814,SKINS,58
6337,E,71821,SKINS,58
6337,E,71822,SKINS,58
6337,E,71823,SKINS,58
6337,E,71827,SKINS,58
6337,E,71836,SKINS,58
6337,E,71848,SKINS,58
6337,E,71853,SKINS,58
6337,E,71859,SKINS,58
6337,E,71866,SKINS,58
6337,E,71867,SKINS,58
6337,E,71868,SKINS,58
6337,E,71875,SKINS,58
6337,E,71881,SKINS,58
6337,E,71883,SKINS,58
6337,E,71884,SKINS,58
6337,E,71888,SKINS,58
6337,E,71889,SKINS,58
6337,E,71890,SKINS,58
6337,E,71902,SKINS,58
6337,E,71904,SKINS,59
6337,E,71905,SKINS,59
6337,E,71908,SKINS,59
6337,E,71922,SKINS,59
6337,E,71925,SKINS,59
6337,E,71929,SKINS,59
6337,E,71931,SKINS,59
6337,E,71946,SKINS,59
6337,E,71949,SKINS,59
6337,E,71950,SKINS,59
6337,E,71952,SKINS,59
6337,E,71967,SKINS,59
6337,E,71972,SKINS,59
6337,E,71983,SKINS,59
6337,E,71990,SKINS,59
6337,E,71995,SKINS,59
6337,E,71997,SKINS,59
6337,E,72020,SKINS,59
6337,E,72024,SKINS,59
6337,E,72035,SKINS,59
6337,E,72039,SKINS,59
6337,E,72041,SKINS,59
6337,E,72053,SKINS,59
6337,E,72060,SKINS,59
6337,E,72064,SKINS,59
6337,E,72065,SKINS,59
6337,E,72081,SKINS,59
6337,E,72085,SKINS,59
6337,E,72087,SKINS,59
6337,E,72096,SKINS,59
6337,E,72098,SKINS,59
6337,E,72102,SKINS,59
6337,E,72108,SKINS,59
6337,E,72109,SKINS,59
6337,E,72116,SKINS,59
6337,E,72120,SKINS,59
6337,E,72134,SKINS,59
6337,E,72137,SKINS,59
6337,E,72138,SKINS,59
6337,E,72142,SKINS,59
6337,E,72145,SKINS,59
6337,E,72146,SKINS,59
6337,E,72147,SKINS,59
6337,E,72156,SKINS,59
6337,E,72161,SKINS,59
6337,E,72170,SKINS,59
6337,E,72172,SKINS,59
6337,E,72177,SKINS,59
6337,E,72178,SKINS,59
6337,E,72186,SKINS,59
6337,E,72189,SKINS,59
6337,E,72193,SKINS,59
6337,E,72194,SKINS,59
6337,E,72198,SKINS,59
6337,E,72203,SKINS,59
6337,E,72205,SKINS,59
6337,E,72213,SKINS,59
6337,E,72219,SKINS,59
6337,E,72221,SKINS,59
6337,E,72224,SKINS,59
6337,E,72230,SKINS,59
6337,E,72233,SKINS,59
6337,E,72237,SKINS,59
6337,E,72238,SKINS,59
6337,E,72244,SKINS,59
6337,E,72246,SKINS,59
6337,E,72257,SKINS,59
6337,E,72260,SKINS,59
6337,E,72267,SKINS,59
6337,E,72270,SKINS,59
6337,E,72274,SKINS,59
6337,E,72275,SKINS,59
6337,E,72276,SKINS,59
6337,E,72278,SKINS,59
6337,E,72282,SKINS,59
6337,E,72283,SKINS,59
6337,E,72284,SKINS,59
6337,E,72289,SKINS,59
6337,E,72310,SKINS,59
6337,E,72312,SKINS,59
6337,E,72315,SKINS,59
6337,E,72318,SKINS,59
6337,E,72333,SKINS,59
6337,E,72334,SKINS,59
6337,E,72335,SKINS,59
6337,E,72336,SKINS,59
6337,E,72341,SKINS,59
6337,E,72345,SKINS,59
6337,E,72346,SKINS,59
6337,E,72348,SKINS,59
6337,E,72350,SKINS,59
6337,E,72354,SKINS,59
6337,E,72358,SKINS,59
6337,E,72360,SKINS,59
6337,E,72365,SKINS,59
6337,E,72368,SKINS,59
6337,E,72378,SKINS,59
6337,E,72385,SKINS,59
6337,E,72389,SKINS,59
6337,E,72390,SKINS,59
6337,E,72391,SKINS,59
6337,E,72394,SKINS,59
6337,E,72399,SKINS,59
6337,E,72403,SKINS,59
6337,E,72404,SKINS,59
6337,E,72408,SKINS,59
6337,E,72411,SKINS,59
6337,E,72413,SKINS,59
6337,E,72416,SKINS,59
6337,E,72418,SKINS,59
6337,E,72422,SKINS,59
6337,E,72424,SKINS,59
6337,E,72429,SKINS,59
6337,E,72430,SKINS,59
6337,E,72439,SKINS,59
6337,E,72452,SKINS,59
6337,E,72456,SKINS,59
6337,E,72460,SKINS,59
6337,E,72462,SKINS,59
6337,E,72474,SKINS,59
6337,E,72480,SKINS,59
6337,E,72482,SKINS,59
6337,E,72487,SKINS,59
6337,E,72496,SKINS,59
6337,E,72504,SKINS,59
6337,E,72506,SKINS,59
6337,E,72512,SKINS,59
6337,E,72516,SKINS,59
6337,E,72521,SKINS,60
6337,E,72528,SKINS,60
6337,E,72531,SKINS,60
6337,E,72536,SKINS,60
6337,E,72537,SKINS,60
6337,E,72543,SKINS,60
6337,E,72547,SKINS,60
6337,E,72553,SKINS,60
6337,E,72559,SKINS,60
6337,E,72561,SKINS,60
6337,E,72562,SKINS,60
6337,E,72563,SKINS,60
6337,E,72565,SKINS,60
6337,E,72575,SKINS,60
6337,E,72586,SKINS,60
6337,E,72591,SKINS,60
6337,E,72594,SKINS,60
6337,E,72595,SKINS,60
6337,E,72600,SKINS,60
6337,E,72608,SKINS,60
6337,E,72613,SKINS,60
6337,E,72624,SKINS,60
6337,E,72626,SKINS,60
6337,E,72633,SKINS,60
6337,E,72639,SKINS,60
6337,E,72641,SKINS,60
6337,E,72643,SKINS,60
6337,E,72644,SKINS,60
6337,E,72645,SKINS,60
6337,E,72655,SKINS,60
6337,E,72669,SKINS,60
6337,E,72675,SKINS,60
6337,E,72685,SKINS,60
6337,E,72687,SKINS,60
6337,E,72690,SKINS,60
6337,E,72693,SKINS,60
6337,E,72697,SKINS,60
6337,E,72705,SKINS,60
6337,E,72711,SKINS,60
6337,E,72716,SKINS,60
6337,E,72720,SKINS,60
6337,E,72721,SKINS,60
6337,E,72730,SKINS,60
6337,E,72738,SKINS,60
6337,E,72742,SKINS,60
6337,E,72744,SKINS,60
6337,E,72749,SKINS,60
6337,E,72750,SKINS,60
6337,E,72756,SKINS,60
6337,E,72768,SKINS,60
6337,E,72773,SKINS,60
6337,E,72785,SKINS,60
6337,E,72791,SKINS,60
6337,E,72793,SKINS,60
6337,E,72805,SKINS,60
6337,E,72832,SKINS,60
6337,E,72834,SKINS,60
6337,E,72835,SKINS,60
6337,E,72839,SKINS,60
6337,E,72841,SKINS,60
6337,E,72850,SKINS,60
6337,E,72854,SKINS,60
6337,E,72858,SKINS,60
6337,E,72861,SKINS,60
6337,E,72867,SKINS,60
6337,E,72868,SKINS,60
6337,E,72870,SKINS,60
6337,E,72871,SKINS,60
6337,E,72876,SKINS,60
6337,E,72895,SKINS,60
6337,E,72913,SKINS,60
6337,E,72920,SKINS,60
6337,E,72922,SKINS,60
6337,E,72940,SKINS,60
6337,E,72950,SKINS,60
6337,E,72953,SKINS,60
6337,E,72957,SKINS,60
6337,E,72958,SKINS,60
6337,E,72970,SKINS,60
6337,E,72976,SKINS,60
6337,E,72993,SKINS,60
6337,E,73000,SKINS,60
6337,E,73001,SKINS,60
6337,E,73006,SKINS,60
6337,E,73012,SKINS,60
6337,E,73015,SKINS,60
6337,E,73017,SKINS,60
6337,E,73018,SKINS,60
6337,E,73021,SKINS,60
6337,E,73025,SKINS,60
6337,E,73028,SKINS,60
6337,E,73034,SKINS,60
6337,E,73036,SKINS,60
6337,E,73059,SKINS,60
6337,E,73065,SKINS,60
6337,E,73072,SKINS,60
6337,E,73081,SKINS,60
6337,E,73084,SKINS,60
6337,E,73099,SKINS,60
6337,E,73100,SKINS,60
6337,E,73103,SKINS,60
6337,E,73109,SKINS,60
6337,E,73119,SKINS,60
6337,E,73128,SKINS,60
6337,E,73129,SKINS,60
6337,E,73143,SKINS,60
6337,E,73147,SKINS,60
6337,E,73148,SKINS,60
6337,E,73157,SKINS,60
6337,E,73169,SKINS,60
6337,E,73176,SKINS,60
6337,E,73186,SKINS,60
6337,E,73189,SKINS,60
6337,E,73195,SKINS,60
6337,E,73197,SKINS,60
6337,E,73199,SKINS,60
6337,E,73214,SKINS,60
6337,E,73220,SKINS,60
6337,E,73224,SKINS,60
6337,E,73226,SKINS,60
6337,E,73234,SKINS,60
6337,E,73236,SKINS,60
6337,E,73246,SKINS,61
6337,E,73269,SKINS,61
6337,E,73272,SKINS,61
6337,E,73274,SKINS,61
6337,E,73278,SKINS,61
6337,E,73281,SKINS,61
6337,E,73302,SKINS,61
6337,E,73311,SKINS,61
6337,E,73320,SKINS,61
6337,E,73325,SKINS,61
6337,E,73326,SKINS,61
6337,E,73327,SKINS,61
6337,E,73332,SKINS,61
6337,E,73349,SKINS,61
6337,E,73351,SKINS,61
6337,E,73356,SKINS,61
6337,E,73359,SKINS,61
6337,E,73361,SKINS,61
6337,E,73362,SKINS,61
6337,E,73365,SKINS,61
6337,E,73383,SKINS,61
6337,E,73392,SKINS,61
6337,E,73398,SKINS,61
6337,E,73402,SKINS,61
6337,E,73410,SKINS,61
6337,E,73413,SKINS,61
6337,E,73416,SKINS,61
6337,E,73421,SKINS,61
6337,E,73425,SKINS,61
6337,E,73428,SKINS,61
6337,E,73431,SKINS,61
6337,E,73433,SKINS,61
6337,E,73436,SKINS,61
6337,E,73437,SKINS,61
6337,E,73444,SKINS,61
6337,E,73445,SKINS,61
6337,E,73448,SKINS,61
6337,E,73449,SKINS,61
6337,E,73450,SKINS,61
6337,E,73458,SKINS,61
6337,E,73461,SKINS,61
6337,E,73471,SKINS,61
6337,E,73472,SKINS,61
6337,E,73479,SKINS,61
6337,E,73498,SKINS,61
6337,E,73500,SKINS,61
6337,E,73507,SKINS,61
6337,E,73527,SKINS,61
6337,E,73530,SKINS,61
6337,E,73539,SKINS,61
6337,E,73550,SKINS,61
6337,E,73555,SKINS,61
6337,E,73558,SKINS,61
6337,E,73559,SKINS,61
6337,E,73564,SKINS,61
6337,E,73571,SKINS,61
6337,E,73574,SKINS,61
6337,E,73575,SKINS,61
6337,E,73584,SKINS,61
6337,E,73591,SKINS,61
6337,E,73593,SKINS,61
6337,E,73601,SKINS,61
6337,E,73602,SKINS,61
6337,E,73605,SKINS,61
6337,E,73615,SKINS,61
6337,E,73618,SKINS,61
6337,E,73619,SKINS,61
6337,E,73623,SKINS,61
6337,E,73633,SKINS,61
6337,E,73635,SKINS,61
6337,E,73636,SKINS,61
6337,E,73640,SKINS,61
6337,E,73643,SKINS,61
6337,E,73647,SKINS,61
6337,E,73649,SKINS,61
6337,E,73657,SKINS,61
6337,E,73658,SKINS,61
6337,E,73659,SKINS,61
6337,E,73660,SKINS,61
6337,E,73664,SKINS,61
6337,E,73665,SKINS,61
6337,E,73669,SKINS,61
6337,E,73673,SKINS,61
6337,E,73675,SKINS,61
6337,E,73678,SKINS,61
6337,E,73688,SKINS,61
6337,E,73692,SKINS,61
6337,E,73700,SKINS,61
6337,E,73703,SKINS,61
6337,E,73705,SKINS,61
6337,E,73715,SKINS,61
6337,E,73721,SKINS,61
6337,E,73727,SKINS,61
6337,E,73735,SKINS,61
6337,E,73742,SKINS,61
6337,E,73744,SKINS,61
6337,E,73750,SKINS,61
6337,E,73752,SKINS,61
6337,E,73760,SKINS,61
6337,E,73761,SKINS,61
6337,E,73780,SKINS,61
6337,E,73781,SKINS,61
6337,E,73790,SKINS,61
6337,E,73791,SKINS,61
6337,E,73793,SKINS,61
6337,E,73796,SKINS,61
6337,E,73808,SKINS,61
6337,E,73811,SKINS,61
6503,E,73836,SKINS,61
6508,E,73842,SKINS,61
6508,E,73879,SKINS,61
6508,E,73935,SKINS,61
6512,E,73998,SKINS,61
6513,E,73999,SKINS,61
6513,E,74000,SKINS,61
6513,E,74001,SKINS,61
6513,E,74002,SKINS,61
6513,E,74003,SKINS,61
6513,E,74004,SKINS,61
6513,E,74005,SKINS,61
6513,E,74006,SKINS,61
6513,E,74007,SKINS,61
6513,E,74008,SKINS,61
6513,E,74009,SKINS,61
6513,E,74010,SKINS,61
6513,E,74011,SKINS,61
6513,E,74012,SKINS,61
6513,E,74013,SKINS,61
6513,E,74014,SKINS,61
6513,E,74015,SKINS,61
6513,E,74016,SKINS,61
6513,E,74017,SKINS,61
6513,E,74018,SKINS,61
6513,E,74019,SKINS,61
6513,E,74020,SKINS,61
6513,E,74021,SKINS,62
6513,E,74022,SKINS,62
6513,E,74023,SKINS,62
6513,E,74024,SKINS,62
6513,E,74025,SKINS,62
6513,E,74026,SKINS,62
6513,E,74027,SKINS,62
6513,E,74028,SKINS,62
6513,E,74029,SKINS,62
6513,E,74030,SKINS,62
6513,E,74031,SKINS,62
6513,E,74032,SKINS,62
6513,E,74033,SKINS,62
6513,E,74034,SKINS,62
6513,E,74035,SKINS,62
6513,E,74036,SKINS,62
6513,E,74037,SKINS,62
6513,E,74038,SKINS,62
6513,E,74039,SKINS,62
6513,E,74040,SKINS,62
6513,E,74041,SKINS,62
6513,E,74042,SKINS,62
6513,E,74043,SKINS,62
6513,E,74044,SKINS,62
6513,E,74045,SKINS,62
6513,E,74046,SKINS,62
6513,E,74047,SKINS,62
6513,E,74048,SKINS,62
6513,E,74049,SKINS,62
6513,E,74050,SKINS,62
6519,E,74084,SKINS,62
6519,E,74088,SKINS,62
6519,E,74094,SKINS,62
6519,E,74097,SKINS,62
6519,E,74120,SKINS,62
6519,E,74149,SKINS,62
6519,E,74176,SKINS,62
6519,E,74206,SKINS,62
6519,E,74210,SKINS,62
6519,E,74219,SKINS,62
6519,E,74244,SKINS,62
654,E,2539,SKINS,62
654,E,2543,SKINS,62
6570,E,74281,SKINS,62
6570,E,74286,SKINS,62
6570,E,74290,SKINS,62
6570,E,74291,SKINS,62
6570,E,74292,SKINS,62
6570,E,74294,SKINS,62
6570,E,74295,SKINS,62
6570,E,74297,SKINS,62
6570,E,74298,SKINS,62
6570,E,74300,SKINS,62
6570,E,74303,SKINS,62
6570,E,74305,SKINS,62
6570,E,74308,SKINS,62
6570,E,74315,SKINS,62
6570,E,74325,SKINS,62
6570,E,74326,SKINS,62
6570,E,74327,SKINS,62
6570,E,74330,SKINS,62
6570,E,74336,SKINS,62
6570,E,74337,SKINS,62
6570,E,74346,SKINS,62
6570,E,74347,SKINS,62
6570,E,74353,SKINS,62
6570,E,74354,SKINS,62
6570,E,74357,SKINS,62
6570,E,74358,SKINS,62
6570,E,74363,SKINS,62
6570,E,74364,SKINS,62
6570,E,74375,SKINS,62
6570,E,74379,SKINS,62
6570,E,74390,SKINS,62
6570,E,74408,SKINS,62
6570,E,74411,SKINS,62
6570,E,74445,SKINS,62
6570,E,74447,SKINS,62
6570,E,74459,SKINS,62
6570,E,74462,SKINS,62
6570,E,74465,SKINS,62
6570,E,74466,SKINS,62
6570,E,74478,SKINS,62
6570,E,74479,SKINS,62
6570,E,74489,SKINS,62
6570,E,74492,SKINS,62
6570,E,74500,SKINS,62
6570,E,74501,SKINS,62
6570,E,74502,SKINS,62
6570,E,74504,SKINS,62
6570,E,74509,SKINS,62
6570,E,74520,SKINS,62
6570,E,74523,SKINS,62
6570,E,74529,SKINS,62
6570,E,74533,SKINS,62
6570,E,74538,SKINS,62
6570,E,74540,SKINS,62
6570,E,74543,SKINS,62
6570,E,74554,SKINS,62
6570,E,74558,SKINS,62
6570,E,74559,SKINS,62
6570,E,74565,SKINS,62
6570,E,74570,SKINS,62
6570,E,74571,SKINS,62
6570,E,74575,SKINS,62
6570,E,74579,SKINS,62
6570,E,74587,SKINS,62
6570,E,74604,SKINS,62
6570,E,74613,SKINS,62
6570,E,74620,SKINS,62
6570,E,74629,SKINS,62
6570,E,74632,SKINS,62
6570,E,74646,SKINS,62
6570,E,74657,SKINS,62
6570,E,74658,SKINS,62
6570,E,74659,SKINS,62
6570,E,74667,SKINS,62
6570,E,74676,SKINS,62
6570,E,74678,SKINS,62
6570,E,74679,SKINS,62
6570,E,74684,SKINS,62
6570,E,74687,SKINS,62
6570,E,74694,SKINS,62
6570,E,74696,SKINS,62
6570,E,74700,SKINS,62
6570,E,74702,SKINS,62
6570,E,74704,SKINS,62
6570,E,74705,SKINS,62
6570,E,74709,SKINS,62
6570,E,74711,SKINS,62
6570,E,74713,SKINS,62
6570,E,74720,SKINS,62
6570,E,74729,SKINS,62
6570,E,74735,SKINS,62
6570,E,74736,SKINS,62
6570,E,74739,SKINS,62
6570,E,74756,SKINS,63
6570,E,74766,SKINS,63
6570,E,74802,SKINS,63
6570,E,74814,SKINS,63
6570,E,74817,SKINS,63
6570,E,74820,SKINS,63
6570,E,74821,SKINS,63
6570,E,74822,SKINS,63
6570,E,74824,SKINS,63
6570,E,74827,SKINS,63
6570,E,74838,SKINS,63
6570,E,74840,SKINS,63
6570,E,74842,SKINS,63
6570,E,74844,SKINS,63
6570,E,74848,SKINS,63
6570,E,74850,SKINS,63
6570,E,74851,SKINS,63
6570,E,74862,SKINS,63
6570,E,74867,SKINS,63
6570,E,74874,SKINS,63
6570,E,74883,SKINS,63
6570,E,74885,SKINS,63
6570,E,74895,SKINS,63
6570,E,74900,SKINS,63
6570,E,74901,SKINS,63
6570,E,74902,SKINS,63
6570,E,74904,SKINS,63
6570,E,74905,SKINS,63
6570,E,74909,SKINS,63
6570,E,74911,SKINS,63
6570,E,74918,SKINS,63
6570,E,74925,SKINS,63
6570,E,74927,SKINS,63
6570,E,74931,SKINS,63
6570,E,74935,SKINS,63
6570,E,74938,SKINS,63
6570,E,74943,SKINS,63
6570,E,74956,SKINS,63
6570,E,74959,SKINS,63
6570,E,74969,SKINS,63
6570,E,74984,SKINS,63
6570,E,74998,SKINS,63
6570,E,75003,SKINS,63
6570,E,75007,SKINS,63
6570,E,75009,SKINS,63
6570,E,75011,SKINS,63
6570,E,75025,SKINS,63
6570,E,75030,SKINS,63
6570,E,75031,SKINS,63
6570,E,75032,SKINS,63
6570,E,75038,SKINS,63
6570,E,75043,SKINS,63
6570,E,75048,SKINS,63
6570,E,75054,SKINS,63
6570,E,75063,SKINS,63
6570,E,75071,SKINS,63
6570,E,75072,SKINS,63
6570,E,75073,SKINS,63
6570,E,75077,SKINS,63
6570,E,75078,SKINS,63
6570,E,75081,SKINS,63
6570,E,75084,SKINS,63
6570,E,75086,SKINS,63
6570,E,75090,SKINS,63
6570,E,75097,SKINS,63
6570,E,75108,SKINS,63
6570,E,75110,SKINS,63
6570,E,75111,SKINS,63
6570,E,75115,SKINS,63
6570,E,75122,SKINS,63
6570,E,75125,SKINS,63
6570,E,75137,SKINS,63
6570,E,75139,SKINS,63
6570,E,75140,SKINS,63
6570,E,75144,SKINS,63
6570,E,75145,SKINS,63
6570,E,75150,SKINS,63
6570,E,75151,SKINS,63
6570,E,75154,SKINS,63
6570,E,75160,SKINS,63
6570,E,75163,SKINS,63
6570,E,75176,SKINS,63
6570,E,75178,SKINS,63
6570,E,75186,SKINS,63
6570,E,75188,SKINS,63
6570,E,75196,SKINS,63
6570,E,75200,SKINS,63
6570,E,75206,SKINS,63
6570,E,75210,SKINS,63
6570,E,75211,SKINS,63
6570,E,75220,SKINS,63
6570,E,75221,SKINS,63
6570,E,75225,SKINS,63
6570,E,75226,SKINS,63
6570,E,75234,SKINS,63
6570,E,75243,SKINS,63
6570,E,75259,SKINS,63
6570,E,75266,SKINS,63
6570,E,75271,SKINS,63
6570,E,75272,SKINS,63
6570,E,75288,SKINS,63
6570,E,75292,SKINS,63
6570,E,75293,SKINS,63
6570,E,75308,SKINS,63
6570,E,75310,SKINS,63
6570,E,75312,SKINS,63
6570,E,75317,SKINS,63
6570,E,75327,SKINS,63
6570,E,75335,SKINS,63
6570,E,75340,SKINS,63
6570,E,75342,SKINS,63
6570,E,75344,SKINS,63
6570,E,75358,SKINS,63
6570,E,75366,SKINS,63
6570,E,75369,SKINS,63
6570,E,75374,SKINS,63
6570,E,75376,SKINS,63
6570,E,75377,SKINS,63
6570,E,75381,SKINS,63
6570,E,75382,SKINS,63
6570,E,75385,SKINS,63
6570,E,75390,SKINS,63
6570,E,75406,SKINS,63
6570,E,75408,SKINS,63
6570,E,75411,SKINS,63
6570,E,75419,SKINS,63
6570,E,75426,SKINS,63
6570,E,75427,SKINS,63
6570,E,75430,SKINS,63
6570,E,75431,SKINS,63
6570,E,75433,SKINS,63
6570,E,75439,SKINS,64
6570,E,75441,SKINS,64
6570,E,75454,SKINS,64
6570,E,75455,SKINS,64
6570,E,75457,SKINS,64
6570,E,75458,SKINS,64
6570,E,75460,SKINS,64
6570,E,75461,SKINS,64
6570,E,75466,SKINS,64
6570,E,75469,SKINS,64
6570,E,75471,SKINS,64
6570,E,75481,SKINS,64
6570,E,75488,SKINS,64
6570,E,75489,SKINS,64
6570,E,75500,SKINS,64
6570,E,75501,SKINS,64
6570,E,75503,SKINS,64
6570,E,75505,SKINS,64
6570,E,75509,SKINS,64
6570,E,75512,SKINS,64
6570,E,75514,SKINS,64
6570,E,75518,SKINS,64
6570,E,75519,SKINS,64
6570,E,75521,SKINS,64
6570,E,75537,SKINS,64
6570,E,75551,SKINS,64
6570,E,75552,SKINS,64
6570,E,75554,SKINS,64
6570,E,75557,SKINS,64
6570,E,75573,SKINS,64
6570,E,75574,SKINS,64
6570,E,75578,SKINS,64
6570,E,75581,SKINS,64
6570,E,75588,SKINS,64
6570,E,75590,SKINS,64
6570,E,75591,SKINS,64
6570,E,75594,SKINS,64
6570,E,75595,SKINS,64
6570,E,75597,SKINS,64
6570,E,75599,SKINS,64
6570,E,75604,SKINS,64
6570,E,75615,SKINS,64
6570,E,75616,SKINS,64
6570,E,75620,SKINS,64
6570,E,75623,SKINS,64
6570,E,75627,SKINS,64
6570,E,75628,SKINS,64
6570,E,75630,SKINS,64
6570,E,75643,SKINS,64
6570,E,75651,SKINS,64
6570,E,75657,SKINS,64
6570,E,75658,SKINS,64
6570,E,75659,SKINS,64
6570,E,75671,SKINS,64
6570,E,75673,SKINS,64
6570,E,75675,SKINS,64
6570,E,75679,SKINS,64
6570,E,75682,SKINS,64
6570,E,75687,SKINS,64
6570,E,75689,SKINS,64
6570,E,75690,SKINS,64
6570,E,75691,SKINS,64
6570,E,75693,SKINS,64
6570,E,75702,SKINS,64
6570,E,75703,SKINS,64
6570,E,75704,SKINS,64
6570,E,75708,SKINS,64
6570,E,75719,SKINS,64
6570,E,75724,SKINS,64
6570,E,75729,SKINS,64
6570,E,75732,SKINS,64
6570,E,75734,SKINS,64
6570,E,75741,SKINS,64
6570,E,75749,SKINS,64
6570,E,75750,SKINS,64
6570,E,75754,SKINS,64
6570,E,75756,SKINS,64
6570,E,75761,SKINS,64
6570,E,75769,SKINS,64
6570,E,75777,SKINS,64
6570,E,75780,SKINS,64
6570,E,75789,SKINS,64
6570,E,75792,SKINS,64
6570,E,75793,SKINS,64
6570,E,75794,SKINS,64
6570,E,75801,SKINS,64
6570,E,75807,SKINS,64
6570,E,75808,SKINS,64
6570,E,75812,SKINS,64
6570,E,75815,SKINS,64
6570,E,75823,SKINS,64
6570,E,75824,SKINS,64
6570,E,75827,SKINS,64
6570,E,75832,SKINS,64
6570,E,75840,SKINS,64
6570,E,75843,SKINS,64
6570,E,75845,SKINS,64
6570,E,75847,SKINS,64
6570,E,75848,SKINS,64
6570,E,75850,SKINS,64
6570,E,75856,SKINS,64
6570,E,75860,SKINS,64
6570,E,75863,SKINS,64
6570,E,75875,SKINS,64
6570,E,75877,SKINS,64
6570,E,75883,SKINS,64
6570,E,75884,SKINS,64
6570,E,75892,SKINS,64
6570,E,75893,SKINS,64
6570,E,75896,SKINS,64
6570,E,75902,SKINS,64
6570,E,75905,SKINS,64
6570,E,75908,SKINS,64
6570,E,75909,SKINS,64
6570,E,75912,SKINS,64
6570,E,75914,SKINS,64
6570,E,75917,SKINS,64
6570,E,75926,SKINS,64
6570,E,75936,SKINS,64
6570,E,75937,SKINS,64
6570,E,75942,SKINS,64
6570,E,75949,SKINS,64
6570,E,75954,SKINS,64
6570,E,75957,SKINS,64
6570,E,75959,SKINS,64
6570,E,75963,SKINS,64
6570,E,75968,SKINS,64
6570,E,75972,SKINS,65
6570,E,75973,SKINS,65
6570,E,75981,SKINS,65
6570,E,75987,SKINS,65
6570,E,75997,SKINS,65
6570,E,75999,SKINS,65
6570,E,76002,SKINS,65
6570,E,76005,SKINS,65
6570,E,76015,SKINS,65
6570,E,76021,SKINS,65
6570,E,76023,SKINS,65
6570,E,76031,SKINS,65
6570,E,76037,SKINS,65
6570,E,76056,SKINS,65
6570,E,76060,SKINS,65
6570,E,76062,SKINS,65
6570,E,76064,SKINS,65
6570,E,76066,SKINS,65
6570,E,76076,SKINS,65
6570,E,76084,SKINS,65
6570,E,76085,SKINS,65
6570,E,76086,SKINS,65
6570,E,76088,SKINS,65
6570,E,76092,SKINS,65
6570,E,76093,SKINS,65
6570,E,76096,SKINS,65
6570,E,76098,SKINS,65
6570,E,76110,SKINS,65
6570,E,76113,SKINS,65
6570,E,76118,SKINS,65
6570,E,76120,SKINS,65
6570,E,76130,SKINS,65
6570,E,76131,SKINS,65
6570,E,76132,SKINS,65
6570,E,76143,SKINS,65
6570,E,76147,SKINS,65
6570,E,76155,SKINS,65
6570,E,76156,SKINS,65
6570,E,76161,SKINS,65
6570,E,76168,SKINS,65
6570,E,76175,SKINS,65
6570,E,76176,SKINS,65
6570,E,76186,SKINS,65
6570,E,76195,SKINS,65
6570,E,76196,SKINS,65
6570,E,76197,SKINS,65
6570,E,76202,SKINS,65
6570,E,76204,SKINS,65
6570,E,76207,SKINS,65
6570,E,76218,SKINS,65
6570,E,76220,SKINS,65
6570,E,76221,SKINS,65
6570,E,76226,SKINS,65
6570,E,76235,SKINS,65
6570,E,76237,SKINS,65
6570,E,76241,SKINS,65
6570,E,76244,SKINS,65
6570,E,76247,SKINS,65
6570,E,76255,SKINS,65
6570,E,76260,SKINS,65
6570,E,76266,SKINS,65
6570,E,76267,SKINS,65
6570,E,76270,SKINS,65
6570,E,76277,SKINS,65
6570,E,76282,SKINS,65
6570,E,76285,SKINS,65
6570,E,76291,SKINS,65
6570,E,76293,SKINS,65
6570,E,76298,SKINS,65
6570,E,76300,SKINS,65
6570,E,76303,SKINS,65
6570,E,76304,SKINS,65
6570,E,76305,SKINS,65
6570,E,76312,SKINS,65
6570,E,76325,SKINS,65
6570,E,76345,SKINS,65
6570,E,76349,SKINS,65
6570,E,76351,SKINS,65
6570,E,76352,SKINS,65
6570,E,76355,SKINS,65
6570,E,76360,SKINS,65
6570,E,76361,SKINS,65
6570,E,76366,SKINS,65
6570,E,76368,SKINS,65
6570,E,76372,SKINS,65
6570,E,76373,SKINS,65
6570,E,76380,SKINS,65
6570,E,76381,SKINS,65
6570,E,76383,SKINS,65
6570,E,76401,SKINS,65
6570,E,76404,SKINS,65
6570,E,76406,SKINS,65
6570,E,76420,SKINS,65
6570,E,76424,SKINS,65
6570,E,76431,SKINS,65
6570,E,76433,SKINS,65
6570,E,76435,SKINS,65
6570,E,76442,SKINS,65
6570,E,76455,SKINS,65
6570,E,76460,SKINS,65
6570,E,76462,SKINS,65
6570,E,76466,SKINS,65
6570,E,76467,SKINS,65
6570,E,76468,SKINS,65
6570,E,76470,SKINS,65
6570,E,76471,SKINS,65
6570,E,76473,SKINS,65
6570,E,76474,SKINS,65
6570,E,76476,SKINS,65
6570,E,76480,SKINS,65
6570,E,76482,SKINS,65
6570,E,76488,SKINS,65
6570,E,76498,SKINS,65
6570,E,76499,SKINS,65
6570,E,76501,SKINS,65
6570,E,76502,SKINS,65
6570,E,76518,SKINS,65
6570,E,76519,SKINS,65
6570,E,76523,SKINS,65
6570,E,76525,SKINS,65
6570,E,76528,SKINS,65
6570,E,76539,SKINS,65
6570,E,76552,SKINS,65
6570,E,76556,SKINS,65
6570,E,76561,SKINS,65
6570,E,76563,SKINS,65
6570,E,76574,SKINS,65
6570,E,76579,SKINS,65
6570,E,76595,SKINS,65
6570,E,76599,SKINS,66
6570,E,76612,SKINS,66
6570,E,76614,SKINS,66
6570,E,76622,SKINS,66
6570,E,76626,SKINS,66
6570,E,76632,SKINS,66
6570,E,76634,SKINS,66
6570,E,76635,SKINS,66
6570,E,76636,SKINS,66
6570,E,76639,SKINS,66
6570,E,76644,SKINS,66
6570,E,76647,SKINS,66
6570,E,76656,SKINS,66
6570,E,76657,SKINS,66
6570,E,76660,SKINS,66
6570,E,76669,SKINS,66
6570,E,76670,SKINS,66
6570,E,76672,SKINS,66
6570,E,76682,SKINS,66
6570,E,76684,SKINS,66
6570,E,76706,SKINS,66
6570,E,76712,SKINS,66
6570,E,76715,SKINS,66
6570,E,76720,SKINS,66
6570,E,76722,SKINS,66
6570,E,76723,SKINS,66
6570,E,76725,SKINS,66
6570,E,76729,SKINS,66
6570,E,76734,SKINS,66
6570,E,76740,SKINS,66
6570,E,76742,SKINS,66
6570,E,76750,SKINS,66
6570,E,76754,SKINS,66
6570,E,76760,SKINS,66
6570,E,76763,SKINS,66
6570,E,76771,SKINS,66
6570,E,76774,SKINS,66
6570,E,76780,SKINS,66
6570,E,76786,SKINS,66
6570,E,76792,SKINS,66
6570,E,76798,SKINS,66
6570,E,76806,SKINS,66
6570,E,76807,SKINS,66
6570,E,76816,SKINS,66
6570,E,76817,SKINS,66
6570,E,76821,SKINS,66
6570,E,76823,SKINS,66
6570,E,76827,SKINS,66
6570,E,76835,SKINS,66
6570,E,76836,SKINS,66
6570,E,76842,SKINS,66
6570,E,76845,SKINS,66
6570,E,76866,SKINS,66
6570,E,76875,SKINS,66
6570,E,76878,SKINS,66
6570,E,76892,SKINS,66
6570,E,76897,SKINS,66
6570,E,76899,SKINS,66
6570,E,76902,SKINS,66
6570,E,76914,SKINS,66
6570,E,76922,SKINS,66
6570,E,76923,SKINS,66
6570,E,76926,SKINS,66
6570,E,76928,SKINS,66
6570,E,76933,SKINS,66
6570,E,76941,SKINS,66
6570,E,76952,SKINS,66
6570,E,76953,SKINS,66
6570,E,76973,SKINS,66
6570,E,76975,SKINS,66
6570,E,76985,SKINS,66
6570,E,76990,SKINS,66
6570,E,76994,SKINS,66
6570,E,77000,SKINS,66
6570,E,77001,SKINS,66
6570,E,77002,SKINS,66
6570,E,77004,SKINS,66
6570,E,77006,SKINS,66
6570,E,77008,SKINS,66
6570,E,77009,SKINS,66
6570,E,77015,SKINS,66
6570,E,77016,SKINS,66
6570,E,77022,SKINS,66
6570,E,77023,SKINS,66
6570,E,77040,SKINS,66
6570,E,77045,SKINS,66
6570,E,77052,SKINS,66
6570,E,77057,SKINS,66
6570,E,77062,SKINS,66
6570,E,77071,SKINS,66
6570,E,77075,SKINS,66
6570,E,77078,SKINS,66
6570,E,77081,SKINS,66
6570,E,77085,SKINS,66
6570,E,77091,SKINS,66
6570,E,77092,SKINS,66
6570,E,77096,SKINS,66
6570,E,77097,SKINS,66
6570,E,77099,SKINS,66
6570,E,77100,SKINS,66
6570,E,77153,SKINS,66
6570,E,77157,SKINS,66
6570,E,77160,SKINS,66
6570,E,77166,SKINS,66
6570,E,77168,SKINS,66
6570,E,77192,SKINS,66
6570,E,77193,SKINS,66
6570,E,77195,SKINS,66
6570,E,77200,SKINS,66
6570,E,77209,SKINS,66
6570,E,77226,SKINS,66
6570,E,77231,SKINS,66
6570,E,77235,SKINS,66
6570,E,77236,SKINS,66
6570,E,77237,SKINS,66
6570,E,77242,SKINS,66
6570,E,77244,SKINS,66
6570,E,77250,SKINS,66
6570,E,77253,SKINS,66
6570,E,77261,SKINS,66
6570,E,77276,SKINS,66
6570,E,77282,SKINS,66
6570,E,77285,SKINS,66
6570,E,77288,SKINS,66
6570,E,77290,SKINS,66
6570,E,77295,SKINS,66
6570,E,77306,SKINS,66
6570,E,77308,SKINS,66
6570,E,77315,SKINS,66
6570,E,77316,SKINS,66
6570,E,77320,SKINS,66
6570,E,77326,SKINS,66
6570,E,77328,SKINS,66
6570,E,77339,SKINS,67
6570,E,77347,SKINS,67
6570,E,77350,SKINS,67
6570,E,77351,SKINS,67
6570,E,77356,SKINS,67
6570,E,77361,SKINS,67
6570,E,77363,SKINS,67
6570,E,77375,SKINS,67
6570,E,77379,SKINS,67
6570,E,77380,SKINS,67
6570,E,77381,SKINS,67
6570,E,77384,SKINS,67
6570,E,77386,SKINS,67
6570,E,77401,SKINS,67
6570,E,77404,SKINS,67
6570,E,77408,SKINS,67
6570,E,77417,SKINS,67
6570,E,77427,SKINS,67
6570,E,77430,SKINS,67
6570,E,77433,SKINS,67
6570,E,77437,SKINS,67
6570,E,77440,SKINS,67
6570,E,77442,SKINS,67
6570,E,77444,SKINS,67
6570,E,77447,SKINS,67
6570,E,77448,SKINS,67
6570,E,77449,SKINS,67
6570,E,77462,SKINS,67
6570,E,77463,SKINS,67
6570,E,77481,SKINS,67
6570,E,77482,SKINS,67
6570,E,77484,SKINS,67
6570,E,77489,SKINS,67
6570,E,77491,SKINS,67
6570,E,77502,SKINS,67
6570,E,77506,SKINS,67
6570,E,77507,SKINS,67
6570,E,77510,SKINS,67
6570,E,77515,SKINS,67
6570,E,77520,SKINS,67
6570,E,77526,SKINS,67
6570,E,77531,SKINS,67
6570,E,77541,SKINS,67
6570,E,77556,SKINS,67
6570,E,77557,SKINS,67
6570,E,77571,SKINS,67
6570,E,77573,SKINS,67
6570,E,77578,SKINS,67
6570,E,77584,SKINS,67
6570,E,77585,SKINS,67
6570,E,77588,SKINS,67
6570,E,77599,SKINS,67
6570,E,77604,SKINS,67
6570,E,77608,SKINS,67
6570,E,77615,SKINS,67
6570,E,77631,SKINS,67
6570,E,77636,SKINS,67
6570,E,77638,SKINS,67
6570,E,77639,SKINS,67
6570,E,77645,SKINS,67
6570,E,77665,SKINS,67
6570,E,77669,SKINS,67
6570,E,77679,SKINS,67
6570,E,77690,SKINS,67
6570,E,77700,SKINS,67
6570,E,77732,SKINS,67
6570,E,77744,SKINS,67
6570,E,77747,SKINS,67
6570,E,77755,SKINS,67
6570,E,77762,SKINS,67
6570,E,77766,SKINS,67
6570,E,77769,SKINS,67
6570,E,77783,SKINS,67
6570,E,77797,SKINS,67
6570,E,77798,SKINS,67
6570,E,77803,SKINS,67
6570,E,77805,SKINS,67
6570,E,77806,SKINS,67
6570,E,77819,SKINS,67
6570,E,77824,SKINS,67
6570,E,77828,SKINS,67
6570,E,77840,SKINS,67
6570,E,77858,SKINS,67
6570,E,77861,SKINS,67
6570,E,77916,SKINS,67
6570,E,77924,SKINS,67
6570,E,77934,SKINS,67
6570,E,77944,SKINS,67
6570,E,77946,SKINS,67
6570,E,77959,SKINS,67
6570,E,77965,SKINS,67
6570,E,77972,SKINS,67
6570,E,77980,SKINS,67
6570,E,77988,SKINS,67
6570,E,77990,SKINS,67
6570,E,77995,SKINS,67
6570,E,78000,SKINS,67
6570,E,78008,SKINS,67
6570,E,78009,SKINS,67
6570,E,78011,SKINS,67
6570,E,78013,SKINS,67
6570,E,78014,SKINS,67
6570,E,78039,SKINS,67
6570,E,78040,SKINS,67
6570,E,78047,SKINS,67
6570,E,78051,SKINS,67
6570,E,78064,SKINS,67
6570,E,78068,SKINS,67
6570,E,78074,SKINS,67
6570,E,78083,SKINS,67
6570,E,78091,SKINS,67
6570,E,78107,SKINS,67
6570,E,78124,SKINS,67
6570,E,78127,SKINS,67
6570,E,78140,SKINS,67
6570,E,78151,SKINS,67
6570,E,78154,SKINS,67
6570,E,78155,SKINS,67
6570,E,78177,SKINS,67
6570,E,78180,SKINS,67
6570,E,78181,SKINS,67
6570,E,78184,SKINS,67
6570,E,78185,SKINS,67
6570,E,78186,SKINS,68
6570,E,78190,SKINS,68
6570,E,78193,SKINS,68
6570,E,78207,SKINS,68
6570,E,78211,SKINS,68
6570,E,78217,SKINS,68
6570,E,78222,SKINS,68
6570,E,78227,SKINS,68
6570,E,78229,SKINS,68
6570,E,78231,SKINS,68
6570,E,78238,SKINS,68
6570,E,78241,SKINS,68
6570,E,78243,SKINS,68
6570,E,78251,SKINS,68
6570,E,78252,SKINS,68
6570,E,78263,SKINS,68
6570,E,78267,SKINS,68
6570,E,78274,SKINS,68
6570,E,78288,SKINS,68
6570,E,78297,SKINS,68
6570,E,78299,SKINS,68
6570,E,78300,SKINS,68
6570,E,78301,SKINS,68
6570,E,78303,SKINS,68
6570,E,78309,SKINS,68
6570,E,78311,SKINS,68
6570,E,78314,SKINS,68
6570,E,78316,SKINS,68
6570,E,78324,SKINS,68
6570,E,78330,SKINS,68
6570,E,78344,SKINS,68
6570,E,78345,SKINS,68
6570,E,78350,SKINS,68
6570,E,78353,SKINS,68
6570,E,78355,SKINS,68
6570,E,78360,SKINS,68
6570,E,78363,SKINS,68
6570,E,78364,SKINS,68
6570,E,78365,SKINS,68
6570,E,78373,SKINS,68
6570,E,78380,SKINS,68
6570,E,78386,SKINS,68
6570,E,78388,SKINS,68
6570,E,78392,SKINS,68
6570,E,78401,SKINS,68
6570,E,78402,SKINS,68
6570,E,78404,SKINS,68
6570,E,78408,SKINS,68
6570,E,78416,SKINS,68
6570,E,78421,SKINS,68
6570,E,78424,SKINS,68
6570,E,78428,SKINS,68
6570,E,78433,SKINS,68
6570,E,78434,SKINS,68
6570,E,78437,SKINS,68
6570,E,78443,SKINS,68
6570,E,78448,SKINS,68
6570,E,78452,SKINS,68
6570,E,78455,SKINS,68
6570,E,78458,SKINS,68
6570,E,78461,SKINS,68
6570,E,78463,SKINS,68
6570,E,78470,SKINS,68
6570,E,78485,SKINS,68
6570,E,78486,SKINS,68
6570,E,78487,SKINS,68
6570,E,78493,SKINS,68
6570,E,78495,SKINS,68
6570,E,78499,SKINS,68
6570,E,78501,SKINS,68
6570,E,78503,SKINS,68
6570,E,78508,SKINS,68
6570,E,78509,SKINS,68
6570,E,78514,SKINS,68
6570,E,78521,SKINS,68
6570,E,78524,SKINS,68
6570,E,78534,SKINS,68
6570,E,78540,SKINS,68
6570,E,78541,SKINS,68
6570,E,78545,SKINS,68
6570,E,78549,SKINS,68
6570,E,78552,SKINS,68
6570,E,78554,SKINS,68
6570,E,78557,SKINS,68
6570,E,78567,SKINS,68
6570,E,78577,SKINS,68
6570,E,78578,SKINS,68
6570,E,78581,SKINS,68
6570,E,78582,SKINS,68
6570,E,78583,SKINS,68
6570,E,78598,SKINS,68
6570,E,78602,SKINS,68
6570,E,78603,SKINS,68
6570,E,78606,SKINS,68
6570,E,78616,SKINS,68
6570,E,78618,SKINS,68
6570,E,78620,SKINS,68
6570,E,78622,SKINS,68
6570,E,78636,SKINS,68
6570,E,78643,SKINS,68
6570,E,78657,SKINS,68
6570,E,78658,SKINS,68
6570,E,78660,SKINS,68
6570,E,78664,SKINS,68
6570,E,78667,SKINS,68
6570,E,78674,SKINS,68
6570,E,78676,SKINS,68
6570,E,78689,SKINS,68
6579,E,78802,SKINS,68
6579,E,78820,SKINS,68
6579,E,78821,SKINS,68
6579,E,78832,SKINS,68
6579,E,78842,SKINS,68
6579,E,78849,SKINS,68
6579,E,78856,SKINS,68
6579,E,78861,SKINS,68
6579,E,78862,SKINS,68
6579,E,78877,SKINS,68
6579,E,78894,SKINS,68
6579,E,78926,SKINS,68
6579,E,78936,SKINS,68
6579,E,78941,SKINS,68
6579,E,78945,SKINS,68
6579,E,78948,SKINS,68
6579,E,78953,SKINS,68
6579,E,78954,SKINS,68
6579,E,78958,SKINS,68
6579,E,78959,SKINS,68
6579,E,78966,SKINS,68
6579,E,78990,SKINS,68
6579,E,79000,SKINS,68
6579,E,79015,SKINS,68
6579,E,79039,SKINS,68
6579,E,79043,SKINS,68
6579,E,79049,SKINS,68
6579,E,79052,SKINS,68
6579,E,79057,SKINS,68
6579,E,79060,SKINS,68
6579,E,79083,SKINS,68
6579,E,79100,SKINS,68
6579,E,79103,SKINS,68
6579,E,79104,SKINS,68
6579,E,79116,SKINS,69
6579,E,79127,SKINS,69
6579,E,79146,SKINS,69
6579,E,79150,SKINS,69
6579,E,79162,SKINS,69
6579,E,79168,SKINS,69
6579,E,79176,SKINS,69
6579,E,79177,SKINS,69
6579,E,79185,SKINS,69
6579,E,79186,SKINS,69
6579,E,79188,SKINS,69
6579,E,79193,SKINS,69
6579,E,79195,SKINS,69
6579,E,79199,SKINS,69
6579,E,79202,SKINS,69
6579,E,79211,SKINS,69
6579,E,79213,SKINS,69
6579,E,79234,SKINS,69
6579,E,79242,SKINS,69
6579,E,79245,SKINS,69
6579,E,79255,SKINS,69
6579,E,79261,SKINS,69
6579,E,79264,SKINS,69
6579,E,79272,SKINS,69
6579,E,79285,SKINS,69
6579,E,79287,SKINS,69
6579,E,79291,SKINS,69
6579,E,79293,SKINS,69
6579,E,79306,SKINS,69
6579,E,79317,SKINS,69
6579,E,79318,SKINS,69
6579,E,79321,SKINS,69
6579,E,79348,SKINS,69
6579,E,79349,SKINS,69
6579,E,79359,SKINS,69
6579,E,79366,SKINS,69
6579,E,79374,SKINS,69
6579,E,79380,SKINS,69
6579,E,79399,SKINS,69
6579,E,79410,SKINS,69
6579,E,79424,SKINS,69
6579,E,79426,SKINS,69
6579,E,79427,SKINS,69
6579,E,79471,SKINS,69
6579,E,79498,SKINS,69
6579,E,79502,SKINS,69
6579,E,79507,SKINS,69
6579,E,79508,SKINS,69
6579,E,79519,SKINS,69
6579,E,79525,SKINS,69
6579,E,79536,SKINS,69
6579,E,79559,SKINS,69
6579,E,79560,SKINS,69
6579,E,79567,SKINS,69
6579,E,79589,SKINS,69
6579,E,79596,SKINS,69
6579,E,79601,SKINS,69
6579,E,79608,SKINS,69
6579,E,79610,SKINS,69
6579,E,79614,SKINS,69
6579,E,79660,SKINS,69
6579,E,79693,SKINS,69
6579,E,79697,SKINS,69
6579,E,79705,SKINS,69
6579,E,79711,SKINS,69
6579,E,79713,SKINS,69
6579,E,79720,SKINS,69
6579,E,79724,SKINS,69
6579,E,79725,SKINS,69
6579,E,79737,SKINS,69
6579,E,79766,SKINS,69
6579,E,79767,SKINS,69
6579,E,79780,SKINS,69
6579,E,79783,SKINS,69
6579,E,79784,SKINS,69
6579,E,79790,SKINS,69
6579,E,79794,SKINS,69
6579,E,79796,SKINS,69
6579,E,79805,SKINS,69
6579,E,79810,SKINS,69
6579,E,79815,SKINS,69
6579,E,79848,SKINS,69
6579,E,79852,SKINS,69
6579,E,79857,SKINS,69
6579,E,79866,SKINS,69
6579,E,79874,SKINS,69
6579,E,79880,SKINS,69
6579,E,79884,SKINS,69
6579,E,79890,SKINS,69
6579,E,79903,SKINS,69
6579,E,79909,SKINS,69
6579,E,79912,SKINS,69
6579,E,79916,SKINS,69
6579,E,79925,SKINS,69
6579,E,79930,SKINS,69
6579,E,79943,SKINS,69
6579,E,79949,SKINS,69
6579,E,79968,SKINS,69
6579,E,79977,SKINS,69
6579,E,79985,SKINS,69
6579,E,79998,SKINS,69
6579,E,80001,SKINS,69
6579,E,80004,SKINS,69
6579,E,80038,SKINS,69
6579,E,80041,SKINS,69
6579,E,80050,SKINS,69
6579,E,80058,SKINS,69
6579,E,80078,SKINS,69
6579,E,80098,SKINS,69
6579,E,80103,SKINS,69
6579,E,80104,SKINS,69
6579,E,80120,SKINS,69
6579,E,80121,SKINS,69
6579,E,80139,SKINS,69
6579,E,80168,SKINS,69
6579,E,80173,SKINS,69
6579,E,80175,SKINS,69
6579,E,80199,SKINS,69
6579,E,80201,SKINS,69
6579,E,80204,SKINS,69
6579,E,80210,SKINS,69
6579,E,80216,SKINS,69
6579,E,80221,SKINS,69
6579,E,80231,SKINS,69
6579,E,80238,SKINS,69
6579,E,80239,SKINS,69
6579,E,80256,SKINS,69
6579,E,80259,SKINS,69
6579,E,80266,SKINS,69
6579,E,80268,SKINS,70
6579,E,80274,SKINS,70
6579,E,80308,SKINS,70
6579,E,80319,SKINS,70
6579,E,80320,SKINS,70
6579,E,80332,SKINS,70
6579,E,80349,SKINS,70
6579,E,80362,SKINS,70
6579,E,80365,SKINS,70
6579,E,80371,SKINS,70
6579,E,80373,SKINS,70
6579,E,80387,SKINS,70
6579,E,80388,SKINS,70
6579,E,80389,SKINS,70
6579,E,80393,SKINS,70
6579,E,80421,SKINS,70
6579,E,80422,SKINS,70
6579,E,80423,SKINS,70
6579,E,80439,SKINS,70
6579,E,80464,SKINS,70
6579,E,80471,SKINS,70
6579,E,80482,SKINS,70
6579,E,80501,SKINS,70
6579,E,80511,SKINS,70
6579,E,80513,SKINS,70
6579,E,80515,SKINS,70
6579,E,80518,SKINS,70
6579,E,80522,SKINS,70
6579,E,80538,SKINS,70
6579,E,80552,SKINS,70
6579,E,80565,SKINS,70
6579,E,80567,SKINS,70
6579,E,80568,SKINS,70
6579,E,80571,SKINS,70
6579,E,80577,SKINS,70
6579,E,80578,SKINS,70
6579,E,80583,SKINS,70
6579,E,80589,SKINS,70
6579,E,80613,SKINS,70
6579,E,80617,SKINS,70
6579,E,80637,SKINS,70
6579,E,80642,SKINS,70
6579,E,80674,SKINS,70
6579,E,80687,SKINS,70
6579,E,80690,SKINS,70
6579,E,80697,SKINS,70
6579,E,80700,SKINS,70
6579,E,80711,SKINS,70
6579,E,80713,SKINS,70
6579,E,80716,SKINS,70
6579,E,80718,SKINS,70
6579,E,80722,SKINS,70
6579,E,80723,SKINS,70
6579,E,80741,SKINS,70
6579,E,80747,SKINS,70
6579,E,80752,SKINS,70
6579,E,80773,SKINS,70
6579,E,80787,SKINS,70
6579,E,80791,SKINS,70
6579,E,80819,SKINS,70
6579,E,80826,SKINS,70
6579,E,80880,SKINS,70
6579,E,80890,SKINS,70
6579,E,80908,SKINS,70
6579,E,80925,SKINS,70
6579,E,80927,SKINS,70
6579,E,80928,SKINS,70
6579,E,80939,SKINS,70
6579,E,80940,SKINS,70
6579,E,80949,SKINS,70
6579,E,80963,SKINS,70
6579,E,80970,SKINS,70
6579,E,80989,SKINS,70
6579,E,81010,SKINS,70
6579,E,81016,SKINS,70
6579,E,81027,SKINS,70
6579,E,81030,SKINS,70
6579,E,81046,SKINS,70
6579,E,81050,SKINS,70
6579,E,81051,SKINS,70
6579,E,81053,SKINS,70
6579,E,81056,SKINS,70
6579,E,81084,SKINS,70
6579,E,81086,SKINS,70
6579,E,81110,SKINS,70
6579,E,81128,SKINS,70
6579,E,81151,SKINS,70
6579,E,81162,SKINS,70
6579,E,81165,SKINS,70
6579,E,81173,SKINS,70
6579,E,81181,SKINS,70
6579,E,81185,SKINS,70
6579,E,81190,SKINS,70
6579,E,81197,SKINS,70
6579,E,81210,SKINS,70
6579,E,81232,SKINS,70
6579,E,81253,SKINS,70
6579,E,81272,SKINS,70
6579,E,81292,SKINS,70
6579,E,81294,SKINS,70
6579,E,81297,SKINS,70
6579,G,79453,SKINS,70
6580,E,81313,SKINS,70
6580,E,81336,SKINS,70
6580,E,81343,SKINS,70
6580,E,81344,SKINS,70
6580,E,81345,SKINS,70
6580,E,81354,SKINS,70
6580,E,81357,SKINS,70
6580,E,81359,SKINS,70
6580,E,81360,SKINS,70
6580,E,81369,SKINS,70
6580,E,81381,SKINS,70
6580,E,81386,SKINS,70
6580,E,81413,SKINS,70
6580,E,81414,SKINS,70
6580,E,81425,SKINS,70
6580,E,81439,SKINS,70
6580,E,81441,SKINS,70
6580,E,81442,SKINS,70
6580,E,81445,SKINS,70
6580,E,81447,SKINS,70
6580,E,81460,SKINS,70
6580,E,81500,SKINS,70
6580,E,81504,SKINS,70
6580,E,81509,SKINS,70
6580,E,81510,SKINS,70
6580,E,81511,SKINS,70
6580,E,81517,SKINS,70
6580,E,81524,SKINS,70
6580,E,81562,SKINS,70
6580,E,81583,SKINS,70
6619,E,81619,SKINS,70
6619,E,81683,SKINS,70
6620,E,81856,SKINS,70
6626,E,81857,SKINS,70
6626,E,81858,SKINS,70
6663,E,81981,SKINS,70
6663,E,82199,SKINS,70
6663,E,82203,SKINS,70
6663,E,82223,SKINS,70
6663,E,82236,SKINS,70
6664,E,82331,SKINS,70
6664,E,82381,SKINS,70
6664,E,82433,SKINS,71
6665,E,82496,SKINS,71
6665,E,82497,SKINS,71
6665,E,82498,SKINS,71
6665,E,82499,SKINS,71
6665,E,82511,SKINS,71
6665,E,82512,SKINS,71
6665,E,82518,SKINS,71
6666,E,82543,SKINS,71
6666,E,82545,SKINS,71
6666,E,82555,SKINS,71
6666,E,82557,SKINS,71
6666,E,82561,SKINS,71
6666,E,82572,SKINS,71
6666,E,82577,SKINS,71
6666,E,82578,SKINS,71
6666,E,82581,SKINS,71
6666,E,82588,SKINS,71
6666,E,82590,SKINS,71
6666,E,82591,SKINS,71
6666,E,82593,SKINS,71
6666,E,82601,SKINS,71
6666,E,82605,SKINS,71
6666,E,82630,SKINS,71
6666,E,82638,SKINS,71
6666,E,82641,SKINS,71
6666,E,82643,SKINS,71
6666,E,82645,SKINS,71
6666,E,82647,SKINS,71
6666,E,82651,SKINS,71
6666,E,82653,SKINS,71
6666,E,82654,SKINS,71
6666,E,82662,SKINS,71
6666,E,82669,SKINS,71
6666,E,82670,SKINS,71
6666,E,82676,SKINS,71
6666,E,82679,SKINS,71
6666,E,82682,SKINS,71
6666,E,82685,SKINS,71
6666,E,82688,SKINS,71
6666,E,82690,SKINS,71
6666,E,82701,SKINS,71
6666,E,82704,SKINS,71
6666,E,82711,SKINS,71
6666,E,82712,SKINS,71
6666,E,82713,SKINS,71
6666,E,82722,SKINS,71
6666,E,82725,SKINS,71
6666,E,82728,SKINS,71
6666,E,82730,SKINS,71
6666,E,82732,SKINS,71
6666,E,82740,SKINS,71
6666,E,82741,SKINS,71
6666,E,82742,SKINS,71
6666,E,82747,SKINS,71
6666,E,82748,SKINS,71
6666,E,82749,SKINS,71
6666,E,82755,SKINS,71
6666,E,82756,SKINS,71
6666,E,82757,SKINS,71
6666,E,82767,SKINS,71
6666,E,82768,SKINS,71
6666,E,82769,SKINS,71
6666,E,82773,SKINS,71
6666,E,82776,SKINS,71
6666,E,82787,SKINS,71
6666,E,82792,SKINS,71
6666,E,82796,SKINS,71
6666,E,82802,SKINS,71
6666,E,82807,SKINS,71
6666,E,82816,SKINS,71
6666,E,82823,SKINS,71
6666,E,82835,SKINS,71
6666,E,82845,SKINS,71
6666,E,82846,SKINS,71
6666,E,82848,SKINS,71
6666,E,82856,SKINS,71
6666,E,82863,SKINS,71
6666,E,82874,SKINS,71
6666,E,82883,SKINS,71
6666,E,82886,SKINS,71
6666,E,82889,SKINS,71
6666,E,82890,SKINS,71
6666,E,82891,SKINS,71
6666,E,82893,SKINS,71
6666,E,82901,SKINS,71
6666,E,82904,SKINS,71
6666,E,82914,SKINS,71
6666,E,82918,SKINS,71
6666,E,82920,SKINS,71
6666,E,82922,SKINS,71
6666,E,82929,SKINS,71
6666,E,82937,SKINS,71
6666,E,82940,SKINS,71
6666,E,82948,SKINS,71
6666,E,82950,SKINS,71
6666,E,82956,SKINS,71
6666,E,82963,SKINS,71
6666,E,82969,SKINS,71
6666,E,82970,SKINS,71
6666,E,82974,SKINS,71
6666,E,82976,SKINS,71
6666,E,82980,SKINS,71
6666,E,82987,SKINS,71
6666,E,82993,SKINS,71
6666,E,83006,SKINS,71
6666,E,83008,SKINS,71
6666,E,83009,SKINS,71
6666,E,83011,SKINS,71
6666,E,83013,SKINS,71
6666,E,83014,SKINS,71
6666,E,83016,SKINS,71
6666,E,83040,SKINS,71
6666,E,83043,SKINS,71
6666,E,83045,SKINS,71
6666,E,83048,SKINS,71
6666,E,83052,SKINS,71
6666,E,83053,SKINS,71
6666,E,83058,SKINS,71
6666,E,83059,SKINS,71
6666,E,83063,SKINS,71
6666,E,83065,SKINS,71
6666,E,83069,SKINS,71
6666,E,83080,SKINS,71
6666,E,83083,SKINS,71
6666,E,83094,SKINS,71
6666,E,83095,SKINS,71
6666,E,83096,SKINS,71
6666,E,83099,SKINS,71
6666,E,83100,SKINS,71
6666,E,83101,SKINS,71
6666,E,83103,SKINS,71
6666,E,83106,SKINS,71
6666,E,83109,SKINS,71
6666,E,83113,SKINS,71
6666,E,83114,SKINS,71
6666,E,83128,SKINS,71
6666,E,83138,SKINS,71
6666,E,83140,SKINS,71
6666,E,83143,SKINS,71
6666,E,83146,SKINS,71
6666,E,83147,SKINS,71
6666,E,83149,SKINS,71
6666,E,83151,SKINS,71
6666,E,83155,SKINS,71
6666,E,83161,SKINS,71
6666,E,83165,SKINS,71
6666,E,83170,SKINS,71
6666,E,83176,SKINS,71
6666,E,83182,SKINS,71
6666,E,83184,SKINS,71
6666,E,83194,SKINS,71
6666,E,83195,SKINS,71
6666,E,83197,SKINS,71
6666,E,83203,SKINS,72
6666,E,83206,SKINS,72
6666,E,83207,SKINS,72
6666,E,83211,SKINS,72
6666,E,83221,SKINS,72
6666,E,83223,SKINS,72
6666,E,83224,SKINS,72
6666,E,83225,SKINS,72
6666,E,83238,SKINS,72
6666,E,83246,SKINS,72
6666,E,83249,SKINS,72
6666,E,83254,SKINS,72
6666,E,83256,SKINS,72
6666,E,83260,SKINS,72
6666,E,83261,SKINS,72
6666,E,83262,SKINS,72
6666,E,83263,SKINS,72
6666,E,83264,SKINS,72
6666,E,83265,SKINS,72
6666,E,83268,SKINS,72
6666,E,83269,SKINS,72
6666,E,83271,SKINS,72
6666,E,83272,SKINS,72
6666,E,83282,SKINS,72
6666,E,83301,SKINS,72
6666,E,83303,SKINS,72
6666,E,83310,SKINS,72
6666,E,83313,SKINS,72
6666,E,83314,SKINS,72
6666,E,83316,SKINS,72
6666,E,83323,SKINS,72
6666,E,83331,SKINS,72
6666,E,83332,SKINS,72
6666,E,83333,SKINS,72
6666,E,83341,SKINS,72
6666,E,83346,SKINS,72
6666,E,83357,SKINS,72
6666,E,83372,SKINS,72
6666,E,83374,SKINS,72
6666,E,83375,SKINS,72
6666,E,83380,SKINS,72
6666,E,83381,SKINS,72
6666,E,83383,SKINS,72
6666,E,83384,SKINS,72
6666,E,83386,SKINS,72
6666,E,83389,SKINS,72
6666,E,83393,SKINS,72
6666,E,83396,SKINS,72
6666,E,83397,SKINS,72
6666,E,83399,SKINS,72
6666,E,83402,SKINS,72
6666,E,83406,SKINS,72
6666,E,83407,SKINS,72
6666,E,83411,SKINS,72
6666,E,83412,SKINS,72
6666,E,83418,SKINS,72
6666,E,83419,SKINS,72
6666,E,83423,SKINS,72
6666,E,83424,SKINS,72
6666,E,83426,SKINS,72
6666,E,83427,SKINS,72
6666,E,83436,SKINS,72
6666,E,83437,SKINS,72
6666,E,83438,SKINS,72
6666,E,83443,SKINS,72
6666,E,83446,SKINS,72
6666,E,83454,SKINS,72
6666,E,83459,SKINS,72
6666,E,83461,SKINS,72
6666,E,83463,SKINS,72
6666,E,83468,SKINS,72
6666,E,83469,SKINS,72
6666,E,83472,SKINS,72
6666,E,83474,SKINS,72
6666,E,83477,SKINS,72
6666,E,83479,SKINS,72
6666,E,83494,SKINS,72
6666,E,83501,SKINS,72
6666,E,83503,SKINS,72
6666,E,83514,SKINS,72
6666,E,83522,SKINS,72
6666,E,83530,SKINS,72
6666,E,83535,SKINS,72
6666,E,83537,SKINS,72
6666,E,83543,SKINS,72
6666,E,83546,SKINS,72
6666,E,83551,SKINS,72
6666,E,83554,SKINS,72
6666,E,83555,SKINS,72
6666,E,83561,SKINS,72
6666,E,83563,SKINS,72
6666,E,83567,SKINS,72
6666,E,83568,SKINS,72
6666,E,83569,SKINS,72
6666,E,83576,SKINS,72
6666,E,83585,SKINS,72
6666,E,83587,SKINS,72
6666,E,83588,SKINS,72
6666,E,83594,SKINS,72
6666,E,83597,SKINS,72
6666,E,83598,SKINS,72
6666,E,83600,SKINS,72
6666,E,83602,SKINS,72
6666,E,83605,SKINS,72
6666,E,83608,SKINS,72
6666,E,83612,SKINS,72
6666,E,83617,SKINS,72
6666,E,83619,SKINS,72
6666,E,83625,SKINS,72
6666,E,83626,SKINS,72
6666,E,83629,SKINS,72
6666,E,83640,SKINS,72
6666,E,83641,SKINS,72
6666,E,83645,SKINS,72
6666,E,83650,SKINS,72
6666,E,83655,SKINS,72
6666,E,83657,SKINS,72
6666,E,83658,SKINS,72
6666,E,83660,SKINS,72
6666,E,83662,SKINS,72
6666,E,83687,SKINS,72
6666,E,83694,SKINS,72
6666,E,83700,SKINS,72
6666,E,83702,SKINS,72
6666,E,83704,SKINS,72
6666,E,83712,SKINS,72
6666,E,83714,SKINS,72
6666,E,83716,SKINS,72
6666,E,83720,SKINS,72
6666,E,83722,SKINS,72
6666,E,83730,SKINS,72
6666,E,83731,SKINS,72
6666,E,83732,SKINS,72
6666,E,83733,SKINS,72
6666,E,83738,SKINS,72
6666,E,83739,SKINS,72
6666,E,83740,SKINS,72
6666,E,83741,SKINS,72
6666,E,83743,SKINS,72
6666,E,83746,SKINS,72
6666,E,83748,SKINS,72
6666,E,83749,SKINS,72
6666,E,83755,SKINS,72
6666,E,83762,SKINS,72
6666,E,83769,SKINS,72
6666,E,83775,SKINS,72
6666,E,83778,SKINS,72
6666,E,83783,SKINS,72
6666,E,83786,SKINS,72
6666,E,83791,SKINS,72
6666,E,83801,SKINS,72
6666,E,83804,SKINS,72
6666,E,83805,SKINS,72
6666,E,83806,SKINS,72
6666,E,83810,SKINS,73
6666,E,83811,SKINS,73
6666,E,83816,SKINS,73
6666,E,83819,SKINS,73
6666,E,83820,SKINS,73
6666,E,83821,SKINS,73
6666,E,83825,SKINS,73
6666,E,83826,SKINS,73
6666,E,83828,SKINS,73
6666,E,83830,SKINS,73
6666,E,83835,SKINS,73
6666,E,83838,SKINS,73
6666,E,83845,SKINS,73
6666,E,83846,SKINS,73
6666,E,83850,SKINS,73
6666,E,83851,SKINS,73
6666,E,83858,SKINS,73
6666,E,83860,SKINS,73
6666,E,83865,SKINS,73
6666,E,83875,SKINS,73
6666,E,83876,SKINS,73
6666,E,83879,SKINS,73
6666,E,83896,SKINS,73
6666,E,83897,SKINS,73
6666,E,83901,SKINS,73
6666,E,83903,SKINS,73
6666,E,83907,SKINS,73
6666,E,83913,SKINS,73
6666,E,83918,SKINS,73
6666,E,83920,SKINS,73
6666,E,83933,SKINS,73
6666,E,83935,SKINS,73
6666,E,83941,SKINS,73
6666,E,83942,SKINS,73
6666,E,83949,SKINS,73
6666,E,83950,SKINS,73
6666,E,83951,SKINS,73
6666,E,83963,SKINS,73
6666,E,83974,SKINS,73
6666,E,83977,SKINS,73
6666,E,83981,SKINS,73
6666,E,83984,SKINS,73
6666,E,83988,SKINS,73
6666,E,83991,SKINS,73
6666,E,83992,SKINS,73
6666,E,83994,SKINS,73
6666,E,83996,SKINS,73
6666,E,84004,SKINS,73
6666,E,84006,SKINS,73
6666,E,84008,SKINS,73
6666,E,84015,SKINS,73
6666,E,84025,SKINS,73
6666,E,84031,SKINS,73
6666,E,84037,SKINS,73
6666,E,84038,SKINS,73
6666,E,84044,SKINS,73
6666,E,84045,SKINS,73
6666,E,84050,SKINS,73
6666,E,84057,SKINS,73
6666,E,84058,SKINS,73
6666,E,84059,SKINS,73
6666,E,84060,SKINS,73
6666,E,84062,SKINS,73
6666,E,84065,SKINS,73
6666,E,84068,SKINS,73
6666,E,84071,SKINS,73
6666,E,84076,SKINS,73
6666,E,84080,SKINS,73
6666,E,84088,SKINS,73
6666,E,84092,SKINS,73
6666,E,84093,SKINS,73
6666,E,84097,SKINS,73
6666,E,84098,SKINS,73
6666,E,84099,SKINS,73
6666,E,84104,SKINS,73
6666,E,84105,SKINS,73
6666,E,84110,SKINS,73
6666,E,84122,SKINS,73
6666,E,84124,SKINS,73
6666,E,84130,SKINS,73
6666,E,84133,SKINS,73
6666,E,84140,SKINS,73
6666,E,84143,SKINS,73
6666,E,84147,SKINS,73
6666,E,84149,SKINS,73
6666,E,84150,SKINS,73
6666,E,84160,SKINS,73
6666,E,84161,SKINS,73
6666,E,84164,SKINS,73
6666,E,84166,SKINS,73
6666,E,84171,SKINS,73
6666,E,84178,SKINS,73
6666,E,84187,SKINS,73
6666,E,84190,SKINS,73
6666,E,84200,SKINS,73
6666,E,84203,SKINS,73
6666,E,84205,SKINS,73
6666,E,84223,SKINS,73
6666,E,84227,SKINS,73
6666,E,84241,SKINS,73
6666,E,84243,SKINS,73
6666,E,84245,SKINS,73
6666,E,84250,SKINS,73
6666,E,84251,SKINS,73
6666,E,84252,SKINS,73
6666,E,84260,SKINS,73
6666,E,84263,SKINS,73
6666,E,84266,SKINS,73
6666,E,84267,SKINS,73
6666,E,84268,SKINS,73
6666,E,84270,SKINS,73
6666,E,84274,SKINS,73
6666,E,84287,SKINS,73
6666,E,84290,SKINS,73
6666,E,84305,SKINS,73
6666,E,84306,SKINS,73
6666,E,84307,SKINS,73
6666,E,84309,SKINS,73
6666,E,84319,SKINS,73
6666,E,84322,SKINS,73
6666,E,84325,SKINS,73
6666,E,84337,SKINS,73
6666,E,84340,SKINS,73
6666,E,84342,SKINS,73
6666,E,84348,SKINS,73
6666,E,84359,SKINS,73
6666,E,84368,SKINS,73
6666,E,84370,SKINS,73
6666,E,84375,SKINS,73
6666,E,84380,SKINS,73
6666,E,84381,SKINS,73
6666,E,84384,SKINS,73
6666,E,84385,SKINS,73
6666,E,84398,SKINS,73
6666,E,84403,SKINS,73
6666,E,84406,SKINS,73
6666,E,84407,SKINS,73
6666,E,84411,SKINS,73
6666,E,84414,SKINS,73
6666,E,84420,SKINS,73
6666,E,84422,SKINS,73
6666,E,84423,SKINS,73
6666,E,84426,SKINS,73
6666,E,84427,SKINS,73
6666,E,84433,SKINS,73
6666,E,84434,SKINS,73
6666,E,84435,SKINS,73
6666,E,84439,SKINS,73
6666,E,84440,SKINS,73
6666,E,84441,SKINS,73
6666,E,84443,SKINS,73
6666,E,84450,SKINS,73
6666,E,84458,SKINS,73
6666,E,84467,SKINS,73
6666,E,84473,SKINS,74
6666,E,84478,SKINS,74
6666,E,84486,SKINS,74
6666,E,84491,SKINS,74
6666,E,84494,SKINS,74
6666,E,84496,SKINS,74
6666,E,84498,SKINS,74
6666,E,84500,SKINS,74
6666,E,84512,SKINS,74
6666,E,84514,SKINS,74
6666,E,84516,SKINS,74
6666,E,84519,SKINS,74
6666,E,84520,SKINS,74
6666,E,84522,SKINS,74
6666,E,84523,SKINS,74
6666,E,84529,SKINS,74
6666,E,84530,SKINS,74
6666,E,84534,SKINS,74
6666,E,84537,SKINS,74
6666,E,84543,SKINS,74
6666,E,84547,SKINS,74
6666,E,84548,SKINS,74
6666,E,84552,SKINS,74
6666,E,84556,SKINS,74
6666,E,84563,SKINS,74
6666,E,84567,SKINS,74
6666,E,84570,SKINS,74
6666,E,84574,SKINS,74
6666,E,84578,SKINS,74
6666,E,84582,SKINS,74
6666,E,84583,SKINS,74
6666,E,84592,SKINS,74
6666,E,84593,SKINS,74
6666,E,84607,SKINS,74
6666,E,84608,SKINS,74
6666,E,84609,SKINS,74
6666,E,84613,SKINS,74
6666,E,84616,SKINS,74
6666,E,84619,SKINS,74
6666,E,84626,SKINS,74
6666,E,84628,SKINS,74
6666,E,84630,SKINS,74
6666,E,84631,SKINS,74
6666,E,84633,SKINS,74
6666,E,84642,SKINS,74
6666,E,84645,SKINS,74
6666,E,84646,SKINS,74
6666,E,84655,SKINS,74
6666,E,84664,SKINS,74
6666,E,84665,SKINS,74
6666,E,84679,SKINS,74
6666,E,84680,SKINS,74
6668,E,84691,SKINS,74
674,E,2534,SKINS,74
6782,E,84712,SKINS,74
6841,E,84873,SKINS,74
6843,E,84875,SKINS,74
6855,E,84876,SKINS,74
6877,E,84879,SKINS,74
6877,E,84880,SKINS,74
6882,E,84885,SKINS,74
6882,E,84886,SKINS,74
6882,E,84887,SKINS,74
6882,E,84889,SKINS,74
6882,E,84890,SKINS,74
6882,E,84891,SKINS,74
6882,E,84892,SKINS,74
6882,E,84893,SKINS,74
6882,E,84894,SKINS,74
6882,E,84896,SKINS,74
6883,E,84897,SKINS,74
6883,E,84898,SKINS,74
6883,E,84899,SKINS,74
6883,E,84900,SKINS,74
6883,E,84901,SKINS,74
6883,E,84902,SKINS,74
6883,E,84903,SKINS,74
6883,E,84904,SKINS,74
6883,E,84905,SKINS,74
6883,E,84906,SKINS,74
6883,E,84907,SKINS,74
6883,E,84908,SKINS,74
6883,E,84909,SKINS,74
6883,E,84911,SKINS,74
6883,E,84912,SKINS,74
6883,E,84913,SKINS,74
6883,E,84915,SKINS,74
6883,E,84916,SKINS,74
6883,E,84917,SKINS,74
6883,E,84920,SKINS,74
6883,E,84921,SKINS,74
6884,E,84926,SKINS,74
6884,E,84927,SKINS,74
6884,E,84928,SKINS,74
6884,E,84929,SKINS,74
6884,E,84930,SKINS,74
6884,E,84931,SKINS,74
6884,E,84932,SKINS,74
6884,E,84933,SKINS,74
6884,E,84935,SKINS,74
6885,E,84936,SKINS,74
6885,E,84937,SKINS,74
6885,E,84938,SKINS,74
6885,E,84940,SKINS,74
6885,E,84941,SKINS,74
6885,E,84942,SKINS,74
6885,E,84952,SKINS,74
6885,E,84967,SKINS,74
6885,E,84968,SKINS,74
6885,E,84975,SKINS,74
6885,E,84979,SKINS,74
6885,E,84987,SKINS,74
6885,E,84993,SKINS,74
6885,E,85000,SKINS,74
6885,E,85005,SKINS,74
6885,E,85007,SKINS,74
6885,E,85019,SKINS,74
6885,E,85020,SKINS,74
6885,E,85023,SKINS,74
6885,E,85024,SKINS,74
6885,E,85026,SKINS,74
6885,E,85035,SKINS,74
6885,E,85036,SKINS,74
6886,E,85047,SKINS,74
6886,E,85048,SKINS,74
6886,E,85052,SKINS,74
6886,E,85056,SKINS,74
6886,E,85082,SKINS,74
6886,E,85160,SKINS,74
6886,E,85177,SKINS,74
6886,E,85221,SKINS,74
6886,E,85229,SKINS,74
6886,E,85243,SKINS,74
6886,E,85249,SKINS,74
6886,E,85294,SKINS,74
6886,E,85299,SKINS,74
6886,E,85321,SKINS,74
6886,E,85328,SKINS,74
6886,E,85336,SKINS,74
6886,E,85350,SKINS,74
6886,E,85363,SKINS,74
6886,E,85373,SKINS,74
6886,E,85393,SKINS,74
6886,E,85404,SKINS,74
6886,E,85423,SKINS,74
6886,E,85450,SKINS,74
6886,E,85453,SKINS,74
6886,E,85487,SKINS,74
6886,E,85508,SKINS,74
6886,E,85525,SKINS,74
6886,E,85531,SKINS,75
6886,E,85552,SKINS,75
6886,E,85574,SKINS,75
6886,E,85595,SKINS,75
6886,E,85618,SKINS,75
6886,E,85621,SKINS,75
6886,E,85622,SKINS,75
6886,E,85629,SKINS,75
6886,E,85640,SKINS,75
6886,E,85648,SKINS,75
6886,E,85662,SKINS,75
6886,E,85664,SKINS,75
6886,E,85697,SKINS,75
6886,E,85727,SKINS,75
6886,E,85758,SKINS,75
6886,E,85759,SKINS,75
6886,E,85767,SKINS,75
6886,E,85782,SKINS,75
6886,E,85784,SKINS,75
6886,E,85832,SKINS,75
6886,E,85839,SKINS,75
6886,E,85851,SKINS,75
6886,E,85852,SKINS,75
6886,E,85859,SKINS,75
6886,E,85868,SKINS,75
6886,E,85886,SKINS,75
6886,E,85888,SKINS,75
6886,E,85891,SKINS,75
6886,E,85899,SKINS,75
6886,E,85932,SKINS,75
6886,E,85944,SKINS,75
6886,E,85949,SKINS,75
6886,E,85980,SKINS,75
6886,E,86022,SKINS,75
6886,E,86029,SKINS,75
6886,E,86034,SKINS,75
6886,E,86060,SKINS,75
6886,E,86064,SKINS,75
6886,E,86068,SKINS,75
6886,E,86071,SKINS,75
6886,E,86086,SKINS,75
6886,E,86094,SKINS,75
6886,E,86110,SKINS,75
6886,E,86153,SKINS,75
6886,E,86191,SKINS,75
6886,E,86192,SKINS,75
6886,E,86200,SKINS,75
6886,E,86205,SKINS,75
6912,E,86207,SKINS,75
6914,E,86210,SKINS,75
6915,E,86212,SKINS,75
6978,D,86250,SKINS,75
6978,E,86246,SKINS,75
6978,E,86257,SKINS,75
6978,E,86259,SKINS,75
6978,E,86276,SKINS,75
6978,E,86278,SKINS,75
6978,E,86285,SKINS,75
6979,E,86322,SKINS,75
6979,E,86338,SKINS,75
6979,E,86347,SKINS,75
6979,E,86372,SKINS,75
6980,E,86405,SKINS,75
6980,E,86408,SKINS,75
6980,E,86416,SKINS,75
6980,E,86418,SKINS,75
6980,E,86422,SKINS,75
6980,E,86423,SKINS,75
6980,E,86436,SKINS,75
6980,E,86437,SKINS,75
6980,E,86442,SKINS,75
6980,E,86444,SKINS,75
6980,E,86445,SKINS,75
6980,E,86448,SKINS,75
6980,E,86455,SKINS,75
6980,E,86457,SKINS,75
6980,E,86458,SKINS,75
6980,E,86462,SKINS,75
6980,E,86467,SKINS,75
6980,E,86468,SKINS,75
6980,E,86474,SKINS,75
6980,E,86484,SKINS,75
6980,E,86488,SKINS,75
6980,E,86491,SKINS,75
6980,E,86502,SKINS,75
6980,E,86506,SKINS,75
6980,E,86509,SKINS,75
6980,E,86512,SKINS,75
6980,E,86514,SKINS,75
6980,E,86518,SKINS,75
6980,E,86520,SKINS,75
6980,E,86521,SKINS,75
6980,E,86524,SKINS,75
6980,E,86532,SKINS,75
6980,E,86541,SKINS,75
6980,E,86551,SKINS,75
6980,E,86552,SKINS,75
6980,E,86553,SKINS,75
6980,E,86555,SKINS,75
6980,E,86563,SKINS,75
6980,E,86571,SKINS,75
6980,E,86578,SKINS,75
6980,E,86588,SKINS,75
6980,E,86590,SKINS,75
6980,E,86604,SKINS,75
6980,E,86605,SKINS,75
6980,E,86606,SKINS,75
6980,E,86607,SKINS,75
6980,E,86616,SKINS,75
6980,E,86623,SKINS,75
6980,E,86626,SKINS,75
6980,E,86628,SKINS,75
6980,E,86635,SKINS,75
6980,E,86641,SKINS,75
6980,E,86642,SKINS,75
6980,E,86643,SKINS,75
6980,E,86651,SKINS,75
6980,E,86652,SKINS,75
6980,E,86656,SKINS,75
6980,E,86659,SKINS,75
6980,E,86667,SKINS,75
6980,E,86669,SKINS,75
6980,E,86673,SKINS,75
6980,E,86677,SKINS,75
6980,E,86678,SKINS,75
6980,E,86683,SKINS,75
6980,E,86687,SKINS,75
6980,E,86691,SKINS,75
6980,E,86695,SKINS,75
6980,E,86696,SKINS,75
6980,E,86700,SKINS,75
6980,E,86703,SKINS,75
6980,E,86707,SKINS,75
6980,E,86709,SKINS,75
6980,E,86720,SKINS,75
6980,E,86725,SKINS,75
6980,E,86727,SKINS,75
6980,E,86728,SKINS,75
6980,E,86744,SKINS,75
6980,E,86749,SKINS,75
6980,E,86755,SKINS,75
6980,E,86763,SKINS,75
6980,E,86767,SKINS,75
6980,E,86798,SKINS,75
6980,E,86800,SKINS,75
6980,E,86801,SKINS,75
6980,E,86806,SKINS,75
6980,E,86810,SKINS,75
6980,E,86819,SKINS,75
6980,E,86826,SKINS,75
6980,E,86841,SKINS,75
6980,E,86843,SKINS,75
6980,E,86844,SKINS,75
6980,E,86846,SKINS,75
6980,E,86847,SKINS,76
6980,E,86850,SKINS,76
6980,E,86854,SKINS,76
6980,E,86857,SKINS,76
6980,E,86877,SKINS,76
6980,E,86882,SKINS,76
6980,E,86884,SKINS,76
6980,E,86898,SKINS,76
6980,E,86909,SKINS,76
6980,E,86910,SKINS,76
6980,E,86912,SKINS,76
6980,E,86914,SKINS,76
6980,E,86917,SKINS,76
6980,E,86919,SKINS,76
6980,E,86920,SKINS,76
6980,E,86924,SKINS,76
6980,E,86926,SKINS,76
6980,E,86933,SKINS,76
6980,E,86942,SKINS,76
6980,E,86948,SKINS,76
6980,E,86949,SKINS,76
6980,E,86952,SKINS,76
6980,E,86960,SKINS,76
6980,E,86961,SKINS,76
6980,E,86965,SKINS,76
6980,E,86966,SKINS,76
6980,E,86968,SKINS,76
6980,E,86969,SKINS,76
6980,E,86970,SKINS,76
6980,E,86971,SKINS,76
6980,E,86973,SKINS,76
6980,E,86983,SKINS,76
6980,E,86984,SKINS,76
6980,E,86988,SKINS,76
6980,E,86996,SKINS,76
6980,E,87003,SKINS,76
6980,E,87005,SKINS,76
6980,E,87009,SKINS,76
6980,E,87011,SKINS,76
6980,E,87012,SKINS,76
6980,E,87031,SKINS,76
6980,E,87039,SKINS,76
6980,E,87040,SKINS,76
6980,E,87047,SKINS,76
6980,E,87050,SKINS,76
6980,E,87052,SKINS,76
6980,E,87057,SKINS,76
6980,E,87058,SKINS,76
6980,E,87061,SKINS,76
6980,E,87077,SKINS,76
6980,E,87079,SKINS,76
6980,E,87083,SKINS,76
6980,E,87087,SKINS,76
6980,E,87090,SKINS,76
6980,E,87095,SKINS,76
6980,E,87102,SKINS,76
6980,E,87115,SKINS,76
6980,E,87118,SKINS,76
6980,E,87126,SKINS,76
6980,E,87135,SKINS,76
6980,E,87136,SKINS,76
6980,E,87143,SKINS,76
6980,E,87147,SKINS,76
6980,E,87148,SKINS,76
6980,E,87151,SKINS,76
6980,E,87157,SKINS,76
6980,E,87159,SKINS,76
6980,E,87160,SKINS,76
6980,E,87172,SKINS,76
6980,E,87173,SKINS,76
6980,E,87176,SKINS,76
6980,E,87179,SKINS,76
6980,E,87180,SKINS,76
6980,E,87181,SKINS,76
6980,E,87182,SKINS,76
6980,E,87184,SKINS,76
6980,E,87190,SKINS,76
6980,E,87201,SKINS,76
6980,E,87221,SKINS,76
6980,E,87226,SKINS,76
6980,E,87228,SKINS,76
6980,E,87232,SKINS,76
6980,E,87235,SKINS,76
6980,E,87242,SKINS,76
6980,E,87243,SKINS,76
6980,E,87245,SKINS,76
6980,E,87247,SKINS,76
6980,E,87259,SKINS,76
6980,E,87265,SKINS,76
6980,E,87277,SKINS,76
6980,E,87278,SKINS,76
6980,E,87280,SKINS,76
6980,E,87284,SKINS,76
6980,E,87287,SKINS,76
6980,E,87290,SKINS,76
6980,E,87300,SKINS,76
6980,E,87301,SKINS,76
6980,E,87303,SKINS,76
6980,E,87309,SKINS,76
6980,E,87313,SKINS,76
6980,E,87317,SKINS,76
6980,E,87320,SKINS,76
6980,E,87322,SKINS,76
6980,E,87341,SKINS,76
6980,E,87344,SKINS,76
6980,E,87345,SKINS,76
6980,E,87346,SKINS,76
6980,E,87357,SKINS,76
6980,E,87359,SKINS,76
6980,E,87360,SKINS,76
6980,E,87361,SKINS,76
6980,E,87366,SKINS,76
6980,E,87367,SKINS,76
6980,E,87368,SKINS,76
6980,E,87374,SKINS,76
6980,E,87376,SKINS,76
6980,E,87381,SKINS,76
6980,E,87385,SKINS,76
6980,E,87392,SKINS,76
6980,E,87398,SKINS,76
6980,E,87401,SKINS,76
6980,E,87402,SKINS,76
6980,E,87408,SKINS,76
6980,E,87412,SKINS,76
6980,E,87414,SKINS,76
6980,E,87416,SKINS,76
6980,E,87424,SKINS,76
6980,E,87426,SKINS,76
6980,E,87436,SKINS,76
6980,E,87437,SKINS,76
6980,E,87444,SKINS,76
6980,E,87447,SKINS,76
6980,E,87459,SKINS,76
6980,E,87460,SKINS,76
6980,E,87461,SKINS,76
6980,E,87463,SKINS,76
6980,E,87464,SKINS,76
6980,E,87465,SKINS,76
6980,E,87476,SKINS,76
6980,E,87479,SKINS,76
6980,E,87481,SKINS,76
6980,E,87484,SKINS,76
6980,E,87491,SKINS,76
6980,E,87494,SKINS,76
6980,E,87497,SKINS,76
6980,E,87506,SKINS,76
6980,E,87507,SKINS,76
6980,E,87518,SKINS,76
6980,E,87532,SKINS,76
6980,E,87534,SKINS,76
6980,E,87536,SKINS,76
6980,E,87538,SKINS,76
6980,E,87543,SKINS,76
6980,E,87545,SKINS,76
6980,E,87547,SKINS,76
6980,E,87555,SKINS,76
6980,E,87567,SKINS,76
6980,E,87571,SKINS,77
6980,E,87577,SKINS,77
6980,E,87578,SKINS,77
6980,E,87579,SKINS,77
6980,E,87583,SKINS,77
6980,E,87586,SKINS,77
6980,E,87593,SKINS,77
6980,E,87600,SKINS,77
6980,E,87602,SKINS,77
6980,E,87603,SKINS,77
6980,E,87605,SKINS,77
6980,E,87609,SKINS,77
6980,E,87610,SKINS,77
6980,E,87612,SKINS,77
6980,E,87613,SKINS,77
6980,E,87615,SKINS,77
6980,E,87620,SKINS,77
6980,E,87631,SKINS,77
6980,E,87635,SKINS,77
6980,E,87640,SKINS,77
6980,E,87641,SKINS,77
6980,E,87642,SKINS,77
6980,E,87645,SKINS,77
6980,E,87647,SKINS,77
6980,E,87651,SKINS,77
6980,E,87655,SKINS,77
6980,E,87658,SKINS,77
6980,E,87660,SKINS,77
6980,E,87673,SKINS,77
6980,E,87675,SKINS,77
6980,E,87679,SKINS,77
6980,E,87695,SKINS,77
6980,E,87699,SKINS,77
6980,E,87700,SKINS,77
6980,E,87704,SKINS,77
6980,E,87707,SKINS,77
6980,E,87709,SKINS,77
6980,E,87712,SKINS,77
6980,E,87718,SKINS,77
6980,E,87719,SKINS,77
6980,E,87722,SKINS,77
6980,E,87724,SKINS,77
6980,E,87728,SKINS,77
6980,E,87729,SKINS,77
6980,E,87734,SKINS,77
6980,E,87739,SKINS,77
6980,E,87745,SKINS,77
6980,E,87751,SKINS,77
6980,E,87752,SKINS,77
6980,E,87753,SKINS,77
6980,E,87764,SKINS,77
6980,E,87776,SKINS,77
6980,E,87786,SKINS,77
6980,E,87793,SKINS,77
6980,E,87798,SKINS,77
6980,E,87803,SKINS,77
6980,E,87805,SKINS,77
6980,E,87807,SKINS,77
6980,E,87813,SKINS,77
6980,E,87815,SKINS,77
6980,E,87820,SKINS,77
6980,E,87823,SKINS,77
6980,E,87824,SKINS,77
6980,E,87829,SKINS,77
6980,E,87831,SKINS,77
6980,E,87839,SKINS,77
6980,E,87841,SKINS,77
6980,E,87843,SKINS,77
6980,E,87855,SKINS,77
6980,E,87867,SKINS,77
6980,E,87870,SKINS,77
6980,E,87872,SKINS,77
6980,E,87876,SKINS,77
6980,E,87883,SKINS,77
6980,E,87885,SKINS,77
6980,E,87887,SKINS,77
6980,E,87888,SKINS,77
6980,E,87889,SKINS,77
6980,E,87896,SKINS,77
6980,E,87897,SKINS,77
6980,E,87898,SKINS,77
6980,E,87900,SKINS,77
6980,E,87901,SKINS,77
6980,E,87906,SKINS,77
6980,E,87912,SKINS,77
6980,E,87919,SKINS,77
6980,E,87923,SKINS,77
6980,E,87927,SKINS,77
6980,E,87928,SKINS,77
6980,E,87931,SKINS,77
6980,E,87939,SKINS,77
6980,E,87941,SKINS,77
6980,E,87943,SKINS,77
6980,E,87947,SKINS,77
6980,E,87948,SKINS,77
6980,E,87949,SKINS,77
6980,E,87950,SKINS,77
6980,E,87962,SKINS,77
6980,E,87963,SKINS,77
6980,E,87968,SKINS,77
6980,E,87969,SKINS,77
6980,E,87972,SKINS,77
6980,E,87978,SKINS,77
6980,E,87981,SKINS,77
6980,E,87987,SKINS,77
6980,E,87992,SKINS,77
6980,E,87993,SKINS,77
6980,E,88002,SKINS,77
6980,E,88006,SKINS,77
6980,E,88009,SKINS,77
6980,E,88012,SKINS,77
6980,E,88015,SKINS,77
6980,E,88021,SKINS,77
6980,E,88022,SKINS,77
6980,E,88023,SKINS,77
6980,E,88033,SKINS,77
6980,E,88041,SKINS,77
6980,E,88045,SKINS,77
6980,E,88047,SKINS,77
6980,E,88050,SKINS,77
6980,E,88074,SKINS,77
6980,E,88076,SKINS,77
6980,E,88083,SKINS,77
6980,E,88086,SKINS,77
6980,E,88087,SKINS,77
6980,E,88088,SKINS,77
6980,E,88089,SKINS,77
6980,E,88091,SKINS,77
6980,E,88097,SKINS,77
6980,E,88101,SKINS,77
6980,E,88110,SKINS,77
6980,E,88113,SKINS,77
6980,E,88115,SKINS,77
6980,E,88116,SKINS,77
6980,E,88123,SKINS,77
6980,E,88125,SKINS,77
6980,E,88128,SKINS,77
6980,E,88132,SKINS,77
6980,E,88138,SKINS,77
6980,E,88143,SKINS,77
6980,E,88145,SKINS,77
6980,E,88146,SKINS,77
6980,E,88152,SKINS,77
6980,E,88155,SKINS,77
6980,E,88163,SKINS,77
6980,E,88166,SKINS,77
6980,E,88172,SKINS,77
6980,E,88177,SKINS,77
6980,E,88178,SKINS,77
6980,E,88184,SKINS,77
6980,E,88189,SKINS,77
6980,E,88190,SKINS,77
6980,E,88211,SKINS,77
6980,E,88212,SKINS,77
6980,E,88229,SKINS,77
6980,E,88231,SKINS,78
6980,E,88234,SKINS,78
6980,E,88237,SKINS,78
6980,E,88241,SKINS,78
6980,E,88242,SKINS,78
6980,E,88253,SKINS,78
6980,E,88257,SKINS,78
6980,E,88260,SKINS,78
6980,E,88261,SKINS,78
6980,E,88273,SKINS,78
6980,E,88280,SKINS,78
6980,E,88281,SKINS,78
6980,E,88287,SKINS,78
6980,E,88294,SKINS,78
6980,E,88301,SKINS,78
6980,E,88304,SKINS,78
6980,E,88308,SKINS,78
6980,E,88313,SKINS,78
6980,E,88322,SKINS,78
6980,E,88330,SKINS,78
6980,E,88332,SKINS,78
6980,E,88335,SKINS,78
6980,E,88336,SKINS,78
6980,E,88341,SKINS,78
6980,E,88344,SKINS,78
6980,E,88345,SKINS,78
6980,E,88351,SKINS,78
6990,E,88359,SKINS,78
6990,E,88361,SKINS,78
6990,E,88367,SKINS,78
6990,E,88409,SKINS,78
6990,E,88454,SKINS,78
6990,E,88460,SKINS,78
6990,E,88491,SKINS,78
6990,E,88529,SKINS,78
6990,E,88573,SKINS,78
6990,E,88606,SKINS,78
6990,E,88609,SKINS,78
6990,E,88643,SKINS,78
6990,E,88813,SKINS,78
6990,E,88854,SKINS,78
6990,E,88861,SKINS,78
6990,E,88871,SKINS,78
6990,E,88877,SKINS,78
6990,E,88892,SKINS,78
6990,E,88899,SKINS,78
6990,E,88911,SKINS,78
6990,E,88912,SKINS,78
6990,E,88916,SKINS,78
6990,E,88928,SKINS,78
6990,E,88956,SKINS,78
6990,E,88957,SKINS,78
6990,E,88982,SKINS,78
6990,E,88989,SKINS,78
6990,E,89002,SKINS,78
6990,E,89005,SKINS,78
6990,E,89012,SKINS,78
6990,E,89015,SKINS,78
6990,E,89020,SKINS,78
6990,E,89027,SKINS,78
6990,E,89045,SKINS,78
6990,E,89051,SKINS,78
6990,E,89052,SKINS,78
6990,E,89066,SKINS,78
6990,E,89067,SKINS,78
6990,E,89077,SKINS,78
6990,E,89111,SKINS,78
6990,E,89146,SKINS,78
6990,E,89150,SKINS,78
6990,E,89151,SKINS,78
6990,E,89177,SKINS,78
6990,E,89188,SKINS,78
6990,E,89218,SKINS,78
6990,E,89221,SKINS,78
6990,E,89229,SKINS,78
6990,E,89238,SKINS,78
6990,E,89251,SKINS,78
6990,E,89256,SKINS,78
6990,E,89262,SKINS,78
6990,E,89279,SKINS,78
6990,E,89280,SKINS,78
6990,E,89281,SKINS,78
6990,E,89292,SKINS,78
6990,E,89294,SKINS,78
6990,E,89310,SKINS,78
6990,E,89312,SKINS,78
6990,E,89330,SKINS,78
6990,E,89337,SKINS,78
6990,E,89338,SKINS,78
6990,E,89350,SKINS,78
6990,E,89377,SKINS,78
6990,E,89391,SKINS,78
6990,E,89393,SKINS,78
6990,E,89399,SKINS,78
6990,E,89407,SKINS,78
6990,E,89419,SKINS,78
6990,E,89440,SKINS,78
6990,E,89452,SKINS,78
6990,E,89462,SKINS,78
6990,E,89468,SKINS,78
6990,E,89469,SKINS,78
6990,E,89478,SKINS,78
6990,E,89482,SKINS,78
6990,E,89484,SKINS,78
6990,E,89517,SKINS,78
6990,E,89518,SKINS,78
6990,E,89544,SKINS,78
6990,E,89558,SKINS,78
6990,E,89559,SKINS,78
6990,E,89590,SKINS,78
6990,E,89611,SKINS,78
6990,E,89612,SKINS,78
6990,E,89637,SKINS,78
6990,E,89648,SKINS,78
6990,E,89663,SKINS,78
6990,E,89664,SKINS,78
6990,E,89666,SKINS,78
6990,E,89677,SKINS,78
6990,E,89683,SKINS,78
6990,E,89688,SKINS,78
6990,E,89700,SKINS,78
6990,E,89702,SKINS,78
6990,E,89722,SKINS,78
6990,E,89756,SKINS,78
6990,E,89758,SKINS,78
6990,E,89760,SKINS,78
6990,E,89795,SKINS,78
6990,E,89832,SKINS,78
6990,E,89851,SKINS,78
6990,E,89852,SKINS,78
6990,E,89877,SKINS,78
6990,E,89885,SKINS,78
6990,E,89894,SKINS,78
6990,E,89908,SKINS,78
6990,E,89911,SKINS,78
6990,E,89927,SKINS,78
6990,E,89928,SKINS,78
6990,E,89933,SKINS,78
6990,E,89984,SKINS,78
6990,E,89994,SKINS,78
6990,E,90013,SKINS,78
6990,E,90014,SKINS,78
6990,E,90016,SKINS,78
6990,E,90019,SKINS,78
6990,E,90037,SKINS,78
6990,E,90047,SKINS,78
6990,E,90093,SKINS,78
6990,E,90122,SKINS,78
6990,E,90127,SKINS,78
6990,E,90129,SKINS,78
6990,E,90134,SKINS,78
6990,E,90141,SKINS,78
6990,E,90142,SKINS,78
6990,E,90157,SKINS,78
6990,E,90164,SKINS,78
6990,E,90205,SKINS,78
6990,E,90309,SKINS,78
6990,E,90311,SKINS,78
6990,E,90330,SKINS,78
6990,E,90350,SKINS,79
6990,E,90365,SKINS,79
6990,E,90412,SKINS,79
6990,E,90443,SKINS,79
6990,E,90444,SKINS,79
6990,E,90459,SKINS,79
6990,E,90487,SKINS,79
6990,E,90578,SKINS,79
6990,E,90583,SKINS,79
6990,E,90584,SKINS,79
6990,E,90592,SKINS,79
6990,E,90611,SKINS,79
6990,E,90615,SKINS,79
6990,E,90619,SKINS,79
6990,E,90640,SKINS,79
6990,E,90651,SKINS,79
6990,E,90669,SKINS,79
6990,E,90678,SKINS,79
6990,E,90684,SKINS,79
6990,E,90780,SKINS,79
6990,E,90803,SKINS,79
6990,E,90814,SKINS,79
6990,E,90822,SKINS,79
6990,E,90913,SKINS,79
6992,E,90916,SKINS,79
7096,E,91130,SKINS,79
7096,E,91144,SKINS,79
7096,E,91145,SKINS,79
7139,E,91774,SKINS,79
7166,E,91812,SKINS,79
7166,E,91878,SKINS,79
7166,E,91914,SKINS,79
7166,E,91943,SKINS,79
7166,E,91948,SKINS,79
7166,E,91949,SKINS,79
7166,E,91951,SKINS,79
7166,E,92007,SKINS,79
7166,E,92008,SKINS,79
7166,E,92020,SKINS,79
7166,E,92048,SKINS,79
7166,E,92089,SKINS,79
7166,E,92113,SKINS,79
7166,E,92124,SKINS,79
7166,E,92147,SKINS,79
7166,E,92175,SKINS,79
7166,E,92177,SKINS,79
7166,E,92184,SKINS,80
7166,E,92251,SKINS,80
7166,E,92267,SKINS,80
7166,E,92270,SKINS,80
7166,E,92272,SKINS,80
7166,E,92287,SKINS,80
7166,E,92291,SKINS,80
7166,E,92300,SKINS,80
7166,E,92322,SKINS,80
7166,E,92333,SKINS,80
7166,E,92336,SKINS,80
7166,E,92346,SKINS,80
7166,E,92358,SKINS,80
7166,E,92372,SKINS,80
7166,E,92390,SKINS,80
7166,E,92402,SKINS,80
7166,E,92408,SKINS,80
7166,E,92416,SKINS,80
7166,E,92417,SKINS,80
7166,E,92431,SKINS,80
7166,E,92488,SKINS,80
7166,E,92508,SKINS,80
7166,E,92512,SKINS,80
7166,E,92515,SKINS,80
7166,E,92557,SKINS,80
7166,E,92558,SKINS,80
7166,E,92560,SKINS,80
7166,E,92565,SKINS,80
7166,E,92571,SKINS,80
7166,E,92576,SKINS,80
7166,E,92603,SKINS,80
7166,E,92607,SKINS,80
7166,E,92612,SKINS,80
7166,E,92616,SKINS,80
7166,E,92619,SKINS,80
7166,E,92622,SKINS,80
7166,E,92637,SKINS,80
7166,E,92648,SKINS,80
7166,E,92660,SKINS,80
7166,E,92662,SKINS,80
7166,E,92667,SKINS,80
7166,E,92668,SKINS,80
7166,E,92671,SKINS,80
7166,E,92679,SKINS,80
7166,E,92684,SKINS,80
7166,E,92685,SKINS,80
7166,E,92689,SKINS,80
7166,E,92690,SKINS,80
7166,E,92693,SKINS,80
7166,E,92703,SKINS,80
7166,E,92720,SKINS,80
7166,E,92733,SKINS,80
7166,E,92783,SKINS,80
7166,E,92831,SKINS,80
7166,E,92832,SKINS,80
7166,E,92839,SKINS,80
7166,E,92862,SKINS,80
7166,E,92877,SKINS,80
7166,E,92892,SKINS,80
7166,E,92894,SKINS,80
7166,E,92974,SKINS,81
7166,E,93003,SKINS,81
7166,E,93005,SKINS,81
7166,E,93026,SKINS,81
7166,E,93052,SKINS,81
7166,E,93068,SKINS,81
7166,E,93080,SKINS,81
7166,E,93086,SKINS,81
7166,E,93097,SKINS,81
7166,E,93098,SKINS,81
7166,E,93099,SKINS,81
7166,E,93108,SKINS,81
7166,E,93158,SKINS,81
7166,E,93181,SKINS,81
7166,E,93199,SKINS,81
7166,E,93200,SKINS,81
7166,E,93205,SKINS,81
7166,E,93222,SKINS,81
7166,E,93225,SKINS,81
7166,E,93234,SKINS,81
7166,E,93240,SKINS,81
7166,E,93248,SKINS,81
7166,E,93307,SKINS,81
7166,E,93317,SKINS,81
7166,E,93326,SKINS,81
7166,E,93331,SKINS,81
7166,E,93336,SKINS,81
7166,E,93345,SKINS,81
7166,E,93355,SKINS,81
7166,E,93455,SKINS,81
7166,E,93545,SKINS,81
7166,E,93582,SKINS,82
7166,E,93584,SKINS,82
7166,E,93588,SKINS,82
7166,E,93592,SKINS,82
7166,E,93601,SKINS,82
7166,E,93611,SKINS,82
7166,E,93664,SKINS,82
7166,E,93694,SKINS,82
7166,E,93695,SKINS,82
7166,E,93698,SKINS,82
7166,E,93703,SKINS,82
7166,E,93708,SKINS,82
7166,E,93719,SKINS,82
7166,E,93742,SKINS,82
7166,E,93770,SKINS,82
7166,E,93779,SKINS,82
7166,E,93782,SKINS,82
7166,E,93784,SKINS,82
7166,E,93795,SKINS,82
7166,E,93802,SKINS,82
7166,E,93805,SKINS,82
7166,E,93808,SKINS,82
7166,E,93812,SKINS,82
7166,E,93829,SKINS,82
7166,E,93845,SKINS,82
7166,E,93849,SKINS,82
7166,E,93851,SKINS,82
7166,E,93854,SKINS,82
7166,E,93856,SKINS,82
7166,E,93870,SKINS,82
7166,E,93880,SKINS,82
7166,E,93883,SKINS,82
7166,E,93885,SKINS,82
7166,E,93888,SKINS,82
7166,E,93889,SKINS,82
7166,E,93894,SKINS,82
7166,E,93900,SKINS,82
7166,E,93904,SKINS,82
7166,E,93915,SKINS,82
7166,E,93929,SKINS,82
7166,E,93934,SKINS,82
7166,E,93936,SKINS,82
7166,E,93940,SKINS,82
7166,E,93941,SKINS,82
7166,E,93944,SKINS,82
7166,E,93948,SKINS,82
7166,E,93949,SKINS,82
7166,E,93950,SKINS,82
7166,E,93951,SKINS,82
7166,E,93953,SKINS,82
7166,E,93954,SKINS,82
7166,E,93965,SKINS,82
7166,E,93969,SKINS,82
7166,E,93970,SKINS,82
7166,E,93979,SKINS,82
7166,E,93980,SKINS,82
7166,E,93991,SKINS,82
7166,E,94010,SKINS,82
7166,E,94018,SKINS,82
7306,E,94327,SKINS,82
7306,E,94337,SKINS,82
7306,E,94405,SKINS,82
7306,E,94503,SKINS,82
7306,E,94510,SKINS,82
7306,E,94530,SKINS,82
7306,E,94680,SKINS,82
7306,E,94794,SKINS,82
738,E,2550,SKINS,83
754,G,2593,SKINS,83
754,G,2595,SKINS,83
754,G,2597,SKINS,83
7622,E,95306,SKINS,83
7622,E,95310,SKINS,83
7622,E,95319,SKINS,83
7622,E,95364,SKINS,83
7622,E,95383,SKINS,83
7622,E,95411,SKINS,83
7622,E,95503,SKINS,83
7622,E,95540,SKINS,83
7622,E,95894,SKINS,84
7623,E,95995,SKINS,84
7623,E,96022,SKINS,84
7623,E,96027,SKINS,84
7623,E,96041,SKINS,84
7623,E,96060,SKINS,84
7623,E,96063,SKINS,84
7623,E,96072,SKINS,84
7623,E,96117,SKINS,84
7623,E,96133,SKINS,84
7623,E,96174,SKINS,84
7623,E,96179,SKINS,84
7623,E,96196,SKINS,84
7623,E,96198,SKINS,84
7623,E,96221,SKINS,84
7623,E,96225,SKINS,84
7623,E,96266,SKINS,84
7623,E,96293,SKINS,84
7623,E,96322,SKINS,84
7623,E,96353,SKINS,84
7623,E,96373,SKINS,84
7623,E,96374,SKINS,84
7623,E,96540,SKINS,84
7623,E,96651,SKINS,85
7623,E,96710,SKINS,85
7623,E,96744,SKINS,85
7623,E,96762,SKINS,85
7623,E,96837,SKINS,85
7623,E,96841,SKINS,85
7623,E,96844,SKINS,85
7623,E,96855,SKINS,85
7623,E,96902,SKINS,85
7623,E,96912,SKINS,85
7623,E,96928,SKINS,85
7623,E,96972,SKINS,85
7623,E,96978,SKINS,85
7623,E,96997,SKINS,85
7623,E,97013,SKINS,85
7623,E,97029,SKINS,85
7623,E,97059,SKINS,85
7623,E,97063,SKINS,85
7623,E,97074,SKINS,85
7623,E,97102,SKINS,85
7623,E,97108,SKINS,85
7623,E,97173,SKINS,85
7623,E,97179,SKINS,85
7623,E,97195,SKINS,85
7623,E,97196,SKINS,85
7623,E,97207,SKINS,85
7623,E,97276,SKINS,85
7623,E,97313,SKINS,85
7623,E,97358,SKINS,85
7623,E,97364,SKINS,85
7623,E,97395,SKINS,85
7623,E,97502,SKINS,85
7623,E,97505,SKINS,85
7623,E,97511,SKINS,85
7623,E,97541,SKINS,86
7623,E,97548,SKINS,86
7623,E,97570,SKINS,86
7623,E,97838,SKINS,86
7623,E,97841,SKINS,86
7623,E,97869,SKINS,86
7623,E,97875,SKINS,86
7623,E,97897,SKINS,86
7623,E,97900,SKINS,86
7623,E,97915,SKINS,86
7623,E,97917,SKINS,86
7623,E,97964,SKINS,86
7623,E,97979,SKINS,86
7623,E,97982,SKINS,86
7623,E,98012,SKINS,86
7623,E,98031,SKINS,86
7623,E,98046,SKINS,86
7623,E,98071,SKINS,86
7623,E,98076,SKINS,86
7623,E,98077,SKINS,86
7623,E,98089,SKINS,86
7623,E,98235,SKINS,86
7623,E,98449,SKINS,87
7623,E,98452,SKINS,87
7623,E,98456,SKINS,87
7623,E,98462,SKINS,87
7623,E,98541,SKINS,87
7623,E,98611,SKINS,87
7623,E,98735,SKINS,87
7623,E,98770,SKINS,87
7623,E,98792,SKINS,87
7623,E,98793,SKINS,87
7623,E,98845,SKINS,87
7623,E,98846,SKINS,87
7623,E,99239,SKINS,87
7623,E,99319,SKINS,87
7623,E,99431,SKINS,88
7623,E,99485,SKINS,88
7623,E,99647,SKINS,88
7623,E,99724,SKINS,88
7623,E,99738,SKINS,88
7935,E,99769,SKINS,88
7942,E,99975,SKINS,88
7942,E,99984,SKINS,88
7985,E,100379,SKINS,88
7985,E,100380,SKINS,88
7990,E,100623,SKINS,88
7990,E,100720,SKINS,88
7990,E,100724,SKINS,88
7997,E,100921,SKINS,88
7997,E,100932,SKINS,88
7997,E,100941,SKINS,88
7997,E,100947,SKINS,88
7997,E,100953,SKINS,88
7997,E,101007,SKINS,88
7997,E,101019,SKINS,89
7997,E,101020,SKINS,89
7997,E,101025,SKINS,89
7997,E,101043,SKINS,89
8005,E,101070,SKINS,89
8006,E,101854,SKINS,89
8006,E,101855,SKINS,89
8006,E,101856,SKINS,89
8006,E,101857,SKINS,89
8009,E,101069,SKINS,89
8072,E,101121,SKINS,89
8072,E,101133,SKINS,89
8072,E,101186,SKINS,89
8072,E,101226,SKINS,89
8072,E,101228,SKINS,89
8072,E,101255,SKINS,89
8073,E,101407,SKINS,89
8073,E,101494,SKINS,89
8073,E,101548,SKINS,89
8073,E,101594,SKINS,89
809,E,2682,SKINS,89
8138,E,101732,SKINS,89
8139,E,101751,SKINS,89
814,E,2683,SKINS,89
8205,E,101858,SKINS,89
8205,E,101860,SKINS,89
8205,E,101861,SKINS,89
8205,E,101862,SKINS,89
8205,E,101863,SKINS,89
8205,E,101864,SKINS,89
8205,E,101865,SKINS,89
8205,E,101866,SKINS,89
8205,E,101867,SKINS,89
8205,E,101868,SKINS,89
8205,E,101869,SKINS,89
8205,E,101870,SKINS,89
8205,E,101871,SKINS,89
8205,E,101872,SKINS,89
8205,E,101873,SKINS,89
8205,E,101874,SKINS,89
8205,E,101875,SKINS,89
8205,E,101876,SKINS,89
8205,E,101877,SKINS,89
8205,E,101878,SKINS,89
8205,E,101879,SKINS,89
8205,E,101881,SKINS,89
8205,E,101882,SKINS,89
8205,E,101883,SKINS,89
8205,E,101884,SKINS,89
8205,E,101885,SKINS,89
8205,E,101886,SKINS,89
8205,E,101887,SKINS,89
8210,E,101966,SKINS,89
8210,E,102072,SKINS,89
8210,E,102105,SKINS,89
8210,E,102168,SKINS,89
8276,E,102326,SKINS,89
8276,E,102339,SKINS,89
8276,E,102340,SKINS,89
8277,E,102365,SKINS,89
828,E,2684,SKINS,89
828,E,2685,SKINS,89
828,E,2686,SKINS,89
828,E,2687,SKINS,89
828,E,2693,SKINS,89
828,E,2694,SKINS,89
828,E,2695,SKINS,89
828,E,2699,SKINS,89
8403,E,102378,SKINS,89
8403,E,102478,SKINS,89
8403,E,102488,SKINS,89
8403,E,102492,SKINS,89
8403,E,102503,SKINS,89
8403,E,102509,SKINS,89
8403,E,102518,SKINS,89
8403,E,102569,SKINS,89
8403,E,102585,SKINS,89
8403,E,102624,SKINS,89
842,E,2700,SKINS,89
8440,E,102668,SKINS,89
8446,E,102726,SKINS,89
8448,E,102737,SKINS,89
8476,E,102753,SKINS,89
8476,E,102754,SKINS,89
8476,E,102755,SKINS,89
8476,E,102756,SKINS,89
8476,E,102757,SKINS,89
8476,E,102758,SKINS,89
8476,E,102759,SKINS,89
8476,E,102761,SKINS,89
8476,E,102762,SKINS,89
8476,E,102763,SKINS,89
8476,E,102764,SKINS,89
8476,E,102765,SKINS,89
8476,E,102766,SKINS,89
8476,E,102767,SKINS,89
8476,E,102768,SKINS,89
8476,E,102769,SKINS,89
8476,E,102770,SKINS,89
8476,E,102771,SKINS,89
8476,E,102772,SKINS,89
8476,E,102773,SKINS,89
8476,E,102774,SKINS,89
8476,E,102775,SKINS,89
8476,E,102776,SKINS,89
8476,E,102777,SKINS,89
8476,E,102778,SKINS,89
8476,E,102779,SKINS,90
8476,E,102780,SKINS,90
8476,E,102781,SKINS,90
8476,E,102782,SKINS,90
8476,E,102784,SKINS,90
8476,E,102786,SKINS,90
8476,E,102787,SKINS,90
8476,E,102788,SKINS,90
8476,E,102789,SKINS,90
8476,E,102791,SKINS,90
8476,E,102792,SKINS,90
8476,E,102793,SKINS,90
8476,E,102794,SKINS,90
8476,E,102795,SKINS,90
8476,E,102796,SKINS,90
8476,E,102797,SKINS,90
8476,E,102798,SKINS,90
8476,E,102799,SKINS,90
8476,E,102800,SKINS,90
8476,E,102801,SKINS,90
8476,E,102802,SKINS,90
8476,E,102803,SKINS,90
8476,E,102805,SKINS,90
8476,E,102806,SKINS,90
8476,E,102807,SKINS,90
8476,E,102808,SKINS,90
8476,E,102809,SKINS,90
8476,E,102810,SKINS,90
8476,E,102811,SKINS,90
8476,E,102812,SKINS,90
8476,E,102813,SKINS,90
8476,E,102814,SKINS,90
8476,E,102815,SKINS,90
8476,E,102816,SKINS,90
8476,E,102817,SKINS,90
8476,E,102818,SKINS,90
8476,E,102819,SKINS,90
8476,E,102820,SKINS,90
8476,E,102821,SKINS,90
8476,E,102822,SKINS,90
8476,E,102823,SKINS,90
8476,E,102824,SKINS,90
8476,E,102825,SKINS,90
8476,E,102826,SKINS,90
8476,E,102827,SKINS,90
8476,E,102828,SKINS,90
8476,E,102829,SKINS,90
8476,E,102830,SKINS,90
8476,E,102831,SKINS,90
8476,E,102832,SKINS,90
8476,E,102833,SKINS,90
8476,E,102834,SKINS,90
8477,E,102835,SKINS,90
8477,E,102836,SKINS,90
8477,E,102837,SKINS,90
8477,E,102838,SKINS,90
8477,E,102839,SKINS,90
8477,E,102840,SKINS,90
8480,E,102945,SKINS,90
8480,E,102957,SKINS,90
8480,E,102970,SKINS,90
8480,E,103081,SKINS,90
8480,E,103188,SKINS,90
8480,E,103312,SKINS,90
8480,E,103358,SKINS,90
8480,E,103386,SKINS,90
8480,E,103407,SKINS,90
8481,E,103495,SKINS,90
8498,E,106156,SKINS,90
8504,E,106157,SKINS,90
8505,E,106158,SKINS,90
8507,E,106159,SKINS,90
8511,E,106160,SKINS,90
8513,E,106161,SKINS,90
8527,E,106162,SKINS,90
8532,E,106163,SKINS,90
856,E,2707,SKINS,90
8573,E,103519,SKINS,90
8573,E,103524,SKINS,90
8575,E,103560,SKINS,90
8576,E,103602,SKINS,90
8576,E,103605,SKINS,90
8576,E,103609,SKINS,90
8576,E,103612,SKINS,90
8576,E,103617,SKINS,90
8576,E,103618,SKINS,90
8576,E,103625,SKINS,90
8576,E,103626,SKINS,90
8576,E,103630,SKINS,90
8576,E,103632,SKINS,90
8576,E,103634,SKINS,90
8576,E,103636,SKINS,90
8576,E,103656,SKINS,90
8576,E,103659,SKINS,90
8576,E,103689,SKINS,90
8576,E,103692,SKINS,90
8576,E,103694,SKINS,90
8576,E,103701,SKINS,90
8576,E,103714,SKINS,90
8576,E,103715,SKINS,90
8576,E,103719,SKINS,90
8576,E,103724,SKINS,90
8576,E,103726,SKINS,90
8576,E,103728,SKINS,90
8576,E,103731,SKINS,90
8576,E,103736,SKINS,90
8576,E,103750,SKINS,90
8576,E,103753,SKINS,90
8576,E,103766,SKINS,90
8576,E,103770,SKINS,90
8576,E,103775,SKINS,90
8576,E,103776,SKINS,90
8576,E,103783,SKINS,90
8576,E,103784,SKINS,90
8576,E,103796,SKINS,90
8576,E,103798,SKINS,90
8576,E,103824,SKINS,90
8576,E,103833,SKINS,90
8576,E,103844,SKINS,90
8576,E,103848,SKINS,90
8576,E,103849,SKINS,90
8576,E,103857,SKINS,90
8576,E,103885,SKINS,90
8576,E,103886,SKINS,90
8576,E,103890,SKINS,90
8576,E,103906,SKINS,90
8576,E,103916,SKINS,90
8576,E,103923,SKINS,90
8576,E,103924,SKINS,90
8576,E,103934,SKINS,90
8576,E,103945,SKINS,90
8576,E,103952,SKINS,90
8576,E,103964,SKINS,90
8576,E,103974,SKINS,90
8576,E,103975,SKINS,90
8576,E,103985,SKINS,90
8576,E,103989,SKINS,90
8576,E,103992,SKINS,90
8576,E,104000,SKINS,90
8576,E,104001,SKINS,90
8576,E,104022,SKINS,90
8576,E,104027,SKINS,90
8576,E,104031,SKINS,90
8576,E,104037,SKINS,90
8576,E,104042,SKINS,90
8576,E,104063,SKINS,90
8576,E,104064,SKINS,90
8576,E,104066,SKINS,90
8576,E,104077,SKINS,90
8576,E,104080,SKINS,90
8576,E,104082,SKINS,90
8576,G,103660,SKINS,90
8576,G,103661,SKINS,91
8576,G,103678,SKINS,91
8576,G,103680,SKINS,91
8576,G,103709,SKINS,91
8576,G,103751,SKINS,91
8576,G,103791,SKINS,91
8576,G,103821,SKINS,91
8576,G,103911,SKINS,91
8576,G,103947,SKINS,91
8576,G,103953,SKINS,91
8576,G,103967,SKINS,91
8576,G,103978,SKINS,91
8576,G,103979,SKINS,91
8576,G,104002,SKINS,91
8576,G,104030,SKINS,91
8576,G,104035,SKINS,91
8576,G,104048,SKINS,91
8576,G,104050,SKINS,91
8593,E,106164,SKINS,91
8614,E,104087,SKINS,91
8614,E,104095,SKINS,91
8614,E,104100,SKINS,91
8614,E,104104,SKINS,91
8614,E,104107,SKINS,91
8614,E,104113,SKINS,91
8614,E,104114,SKINS,91
8614,E,104118,SKINS,91
8614,E,104123,SKINS,91
8614,E,104143,SKINS,91
8614,E,104150,SKINS,91
8614,E,104160,SKINS,91
8614,E,104161,SKINS,91
8614,E,104175,SKINS,91
8614,E,104178,SKINS,91
8614,E,104190,SKINS,91
8614,E,104195,SKINS,91
8614,E,104197,SKINS,91
8614,E,104198,SKINS,91
8614,E,104200,SKINS,91
8614,E,104202,SKINS,91
8614,E,104206,SKINS,91
8614,E,104211,SKINS,91
8614,E,104218,SKINS,91
8614,E,104228,SKINS,91
8614,E,104242,SKINS,91
8614,E,104244,SKINS,91
8614,E,104260,SKINS,91
8614,E,104262,SKINS,91
8614,E,104269,SKINS,91
8614,E,104277,SKINS,91
8614,E,104284,SKINS,91
8614,E,104305,SKINS,91
8614,E,104307,SKINS,91
8614,E,104318,SKINS,91
8614,E,104336,SKINS,91
8614,E,104348,SKINS,91
8614,E,104350,SKINS,91
8614,E,104367,SKINS,91
8614,E,104369,SKINS,91
8614,E,104382,SKINS,91
8614,E,104408,SKINS,91
8614,E,104409,SKINS,91
8614,E,104414,SKINS,91
8614,E,104420,SKINS,91
8614,E,104421,SKINS,91
8614,E,104423,SKINS,91
8614,E,104424,SKINS,91
8614,E,104427,SKINS,91
8614,E,104437,SKINS,91
8614,E,104465,SKINS,91
8614,E,104471,SKINS,91
8614,E,104477,SKINS,91
8614,E,104478,SKINS,91
8614,E,104479,SKINS,91
8614,E,104482,SKINS,91
8614,E,104484,SKINS,91
8614,E,104493,SKINS,91
8614,E,104504,SKINS,91
8614,E,104513,SKINS,91
8614,E,104547,SKINS,91
8614,E,104549,SKINS,91
8614,E,104554,SKINS,91
8614,E,104563,SKINS,91
8614,E,104568,SKINS,91
8614,E,104578,SKINS,91
8614,E,104581,SKINS,91
8614,G,104085,SKINS,91
8614,G,104088,SKINS,91
8614,G,104121,SKINS,91
8614,G,104167,SKINS,91
8614,G,104235,SKINS,91
8614,G,104245,SKINS,91
8614,G,104272,SKINS,91
8614,G,104289,SKINS,91
8614,G,104295,SKINS,91
8614,G,104311,SKINS,91
8614,C,104319,SKINS,91
8614,G,104323,SKINS,91
8614,G,104329,SKINS,91
8614,G,104450,SKINS,91
8614,G,104584,SKINS,91
8623,E,104603,SKINS,91
8623,E,104617,SKINS,91
8623,E,104626,SKINS,91
8623,E,104631,SKINS,91
8623,E,104643,SKINS,91
8623,E,104645,SKINS,91
8623,E,104647,SKINS,91
8623,E,104649,SKINS,91
8623,E,104661,SKINS,91
8623,E,104670,SKINS,91
8623,E,104674,SKINS,91
8623,E,104679,SKINS,91
8623,E,104680,SKINS,91
8623,E,104682,SKINS,91
8623,E,104688,SKINS,91
8623,E,104696,SKINS,91
8623,E,104704,SKINS,91
8623,E,104720,SKINS,91
8623,E,104721,SKINS,91
8623,E,104726,SKINS,91
8623,E,104727,SKINS,91
8623,E,104730,SKINS,91
8623,E,104737,SKINS,91
8623,E,104752,SKINS,91
8623,E,104754,SKINS,91
8623,E,104765,SKINS,91
8623,E,104768,SKINS,91
8623,E,104770,SKINS,91
8623,E,104777,SKINS,91
8623,E,104778,SKINS,91
8623,E,104781,SKINS,91
8623,E,104783,SKINS,91
8623,E,104786,SKINS,91
8623,E,104790,SKINS,91
8623,E,104794,SKINS,91
8623,E,104797,SKINS,91
8623,E,104806,SKINS,91
8623,E,104810,SKINS,91
8623,E,104812,SKINS,91
8623,E,104813,SKINS,91
8623,E,104824,SKINS,91
8623,E,104827,SKINS,91
8623,E,104828,SKINS,91
8623,E,104837,SKINS,91
8623,E,104840,SKINS,91
8623,E,104850,SKINS,91
8623,E,104852,SKINS,91
8623,E,104860,SKINS,91
8623,E,104864,SKINS,91
8623,E,104866,SKINS,91
8623,E,104867,SKINS,91
8623,E,104868,SKINS,91
8623,E,104869,SKINS,92
8623,E,104871,SKINS,92
8623,E,104876,SKINS,92
8623,E,104877,SKINS,92
8623,E,104880,SKINS,92
8623,E,104882,SKINS,92
8623,E,104888,SKINS,92
8623,E,104891,SKINS,92
8623,E,104895,SKINS,92
8623,E,104901,SKINS,92
8623,E,104908,SKINS,92
8623,E,104909,SKINS,92
8623,E,104910,SKINS,92
8623,E,104921,SKINS,92
8623,E,104931,SKINS,92
8623,E,104932,SKINS,92
8623,E,104933,SKINS,92
8623,E,104940,SKINS,92
8623,E,104947,SKINS,92
8623,E,104948,SKINS,92
8623,E,104954,SKINS,92
8623,E,104960,SKINS,92
8623,E,104962,SKINS,92
8623,E,104964,SKINS,92
8623,E,104968,SKINS,92
8623,E,104976,SKINS,92
8623,E,104979,SKINS,92
8623,E,104983,SKINS,92
8623,E,104987,SKINS,92
8623,E,104988,SKINS,92
8623,E,104991,SKINS,92
8623,E,105004,SKINS,92
8623,E,105007,SKINS,92
8623,E,105008,SKINS,92
8623,E,105018,SKINS,92
8623,E,105028,SKINS,92
8623,E,105049,SKINS,92
8623,E,105065,SKINS,92
8623,E,105067,SKINS,92
8623,E,105072,SKINS,92
8623,E,105089,SKINS,92
8623,E,105092,SKINS,92
8623,E,105094,SKINS,92
8623,E,105096,SKINS,92
8623,E,105098,SKINS,92
8623,E,105100,SKINS,92
8623,E,105123,SKINS,92
8623,E,105127,SKINS,92
8623,E,105142,SKINS,92
8623,E,105143,SKINS,92
8623,E,105151,SKINS,92
8623,E,105158,SKINS,92
8623,E,105164,SKINS,92
8623,E,105166,SKINS,92
8623,E,105197,SKINS,92
8623,E,105199,SKINS,92
8623,E,105203,SKINS,92
8623,E,105210,SKINS,92
8623,E,105214,SKINS,92
8623,E,105226,SKINS,92
8623,E,105227,SKINS,92
8623,E,105228,SKINS,92
8623,E,105230,SKINS,92
8623,E,105233,SKINS,92
8623,E,105241,SKINS,92
8623,E,105242,SKINS,92
8623,E,105253,SKINS,92
8623,E,105270,SKINS,92
8623,E,105280,SKINS,92
8623,E,105290,SKINS,92
8623,E,105308,SKINS,92
8623,E,105311,SKINS,92
8623,E,105329,SKINS,92
8623,E,105330,SKINS,92
8623,E,105338,SKINS,92
8623,E,105344,SKINS,92
8623,E,105359,SKINS,92
8623,E,105360,SKINS,92
8623,E,105362,SKINS,92
8623,E,105368,SKINS,92
8623,E,105376,SKINS,92
8623,E,105382,SKINS,92
8623,E,105383,SKINS,92
8623,E,105405,SKINS,92
8623,E,105407,SKINS,92
8623,E,105424,SKINS,92
8623,E,105431,SKINS,92
8623,E,105433,SKINS,92
8623,E,105437,SKINS,92
8623,G,104622,SKINS,92
8623,G,104633,SKINS,92
8623,G,104640,SKINS,92
8623,G,104677,SKINS,92
8623,G,104685,SKINS,92
8623,G,104700,SKINS,92
8623,G,104724,SKINS,92
8623,G,104742,SKINS,92
8623,G,104753,SKINS,92
8623,G,104916,SKINS,92
8623,G,104920,SKINS,92
8623,G,104942,SKINS,92
8623,G,104951,SKINS,92
8623,G,104969,SKINS,92
8623,G,104985,SKINS,92
8623,G,105001,SKINS,92
8623,G,105032,SKINS,92
8623,G,105033,SKINS,92
8623,G,105044,SKINS,92
8623,G,105057,SKINS,92
8623,G,105073,SKINS,92
8623,G,105077,SKINS,92
8623,G,105088,SKINS,92
8623,G,105097,SKINS,92
8623,G,105106,SKINS,92
8623,G,105113,SKINS,92
8623,G,105114,SKINS,92
8623,G,105147,SKINS,92
8623,G,105154,SKINS,92
8623,G,105170,SKINS,92
8623,G,105239,SKINS,92
8623,G,105257,SKINS,92
8623,G,105278,SKINS,92
8623,G,105288,SKINS,92
8623,G,105297,SKINS,92
8623,G,105322,SKINS,92
8624,E,105451,SKINS,92
8624,E,105452,SKINS,92
8624,E,105474,SKINS,92
8624,E,105502,SKINS,92
8624,E,105512,SKINS,92
8624,E,105524,SKINS,92
8624,E,105531,SKINS,92
8624,E,105538,SKINS,92
8624,E,105549,SKINS,92
8624,E,105561,SKINS,92
8624,E,105565,SKINS,92
8624,E,105567,SKINS,92
8624,E,105571,SKINS,92
8624,E,105578,SKINS,92
8624,E,105582,SKINS,92
8624,E,105585,SKINS,92
8624,E,105587,SKINS,92
8624,E,105598,SKINS,92
8624,E,105600,SKINS,92
8624,E,105603,SKINS,92
8624,E,105616,SKINS,92
8624,E,105617,SKINS,92
8624,E,105618,SKINS,92
8624,E,105621,SKINS,92
8624,E,105627,SKINS,92
8624,E,105629,SKINS,92
8624,E,105638,SKINS,92
8624,E,105639,SKINS,92
8624,E,105647,SKINS,92
8624,E,105654,SKINS,92
8624,E,105676,SKINS,92
8624,E,105677,SKINS,92
8624,E,105678,SKINS,92
8624,E,105685,SKINS,93
8624,E,105687,SKINS,93
8624,E,105700,SKINS,93
8624,E,105710,SKINS,93
8624,E,105715,SKINS,93
8624,E,105718,SKINS,93
8624,E,105723,SKINS,93
8624,E,105736,SKINS,93
8624,E,105743,SKINS,93
8624,E,105747,SKINS,93
8624,E,105748,SKINS,93
8624,E,105753,SKINS,93
8624,E,105757,SKINS,93
8624,E,105758,SKINS,93
8624,E,105772,SKINS,93
8624,E,105777,SKINS,93
8624,E,105779,SKINS,93
8624,E,105780,SKINS,93
8624,E,105784,SKINS,93
8624,E,105789,SKINS,93
8624,E,105790,SKINS,93
8624,E,105791,SKINS,93
8624,E,105797,SKINS,93
8624,E,105799,SKINS,93
8624,E,105802,SKINS,93
8624,E,105809,SKINS,93
8624,E,105811,SKINS,93
8624,E,105814,SKINS,93
8624,E,105818,SKINS,93
8624,E,105844,SKINS,93
8624,E,105850,SKINS,93
8624,E,105859,SKINS,93
8624,E,105866,SKINS,93
8624,E,105877,SKINS,93
8624,E,105879,SKINS,93
8624,E,105884,SKINS,93
8624,E,105907,SKINS,93
8624,E,105908,SKINS,93
8624,E,105914,SKINS,93
8624,E,105941,SKINS,93
8624,E,105943,SKINS,93
8633,E,106165,SKINS,93
865,E,2735,SKINS,93
865,E,2736,SKINS,93
865,E,2793,SKINS,93
865,E,2800,SKINS,93
865,E,2846,SKINS,93
865,E,3032,SKINS,93
865,E,3062,SKINS,93
865,E,3143,SKINS,93
865,E,3345,SKINS,93
865,E,3348,SKINS,93
866,E,3381,SKINS,93
866,E,3410,SKINS,93
866,E,3412,SKINS,93
866,E,3414,SKINS,93
8661,E,105980,SKINS,93
8661,E,105981,SKINS,93
8661,E,105982,SKINS,93
8661,E,105983,SKINS,93
8661,E,105984,SKINS,93
8661,E,105985,SKINS,93
8661,E,105986,SKINS,93
8661,E,105987,SKINS,93
8661,E,105988,SKINS,93
8661,E,105989,SKINS,93
8661,E,105990,SKINS,93
8661,E,105991,SKINS,93
8661,E,105992,SKINS,93
8661,E,105993,SKINS,93
8661,E,105994,SKINS,93
8661,E,105995,SKINS,93
8661,E,105996,SKINS,93
8661,E,105997,SKINS,93
8661,E,106000,SKINS,93
8661,E,106001,SKINS,93
8661,E,106002,SKINS,93
8661,E,106003,SKINS,93
8661,E,106004,SKINS,93
8661,E,106005,SKINS,93
8661,E,106006,SKINS,93
8661,E,106007,SKINS,93
8661,E,106008,SKINS,93
8661,E,106009,SKINS,93
8661,E,106010,SKINS,93
8661,E,106011,SKINS,93
8661,E,106012,SKINS,93
8661,E,106013,SKINS,93
8661,E,106014,SKINS,93
8661,E,106015,SKINS,93
8661,E,106016,SKINS,93
8661,E,106017,SKINS,93
8661,E,106018,SKINS,93
8661,E,106019,SKINS,93
8661,E,106020,SKINS,93
8661,E,106021,SKINS,93
8661,E,106022,SKINS,93
8661,E,106023,SKINS,93
8661,E,106024,SKINS,93
8661,E,106025,SKINS,93
8661,E,106026,SKINS,93
8661,E,106027,SKINS,93
8661,E,106028,SKINS,93
8661,E,106029,SKINS,93
8661,E,106030,SKINS,93
8661,E,106032,SKINS,93
8661,E,106034,SKINS,93
8661,E,106035,SKINS,93
8661,E,106036,SKINS,93
8661,E,106037,SKINS,93
8661,E,106038,SKINS,93
8661,E,106039,SKINS,93
8661,E,106040,SKINS,93
8661,E,106041,SKINS,93
8661,E,106042,SKINS,93
8661,E,106043,SKINS,93
8661,E,106044,SKINS,93
8661,E,106045,SKINS,93
8661,E,106046,SKINS,93
8661,E,106047,SKINS,93
8661,E,106048,SKINS,93
8661,E,106049,SKINS,93
8661,E,106050,SKINS,93
8661,E,106051,SKINS,93
8661,E,106052,SKINS,93
8661,E,106053,SKINS,93
8661,E,106054,SKINS,93
8661,E,106055,SKINS,93
8661,E,106056,SKINS,93
8661,E,106057,SKINS,93
8661,E,106058,SKINS,93
8661,E,106059,SKINS,93
8661,E,106060,SKINS,93
8661,E,106061,SKINS,93
8661,E,106062,SKINS,93
8661,E,106063,SKINS,93
8661,E,106065,SKINS,93
8661,E,106066,SKINS,93
8661,E,106067,SKINS,93
8661,E,106068,SKINS,93
8661,E,106069,SKINS,93
8661,E,106070,SKINS,93
8661,E,106071,SKINS,93
8661,E,106072,SKINS,93
8661,E,106073,SKINS,94
8661,E,106074,SKINS,94
8661,E,106075,SKINS,94
8661,E,106076,SKINS,94
8661,E,106077,SKINS,94
8661,E,106078,SKINS,94
8661,E,106079,SKINS,94
8661,E,106080,SKINS,94
8661,E,106081,SKINS,94
8661,E,106082,SKINS,94
8661,E,106083,SKINS,94
8661,E,106084,SKINS,94
8661,E,106085,SKINS,94
8661,E,106086,SKINS,94
8661,E,106087,SKINS,94
8661,E,106088,SKINS,94
8661,E,106089,SKINS,94
8661,E,106090,SKINS,94
8661,E,106091,SKINS,94
8661,E,106092,SKINS,94
8661,E,106093,SKINS,94
8661,E,106094,SKINS,94
8661,E,106095,SKINS,94
8661,E,106096,SKINS,94
8661,E,106097,SKINS,94
8661,E,106098,SKINS,94
8661,E,106099,SKINS,94
8661,E,106100,SKINS,94
8661,E,106101,SKINS,94
8662,E,106102,SKINS,94
8662,E,106103,SKINS,94
8662,E,106105,SKINS,94
8662,E,106106,SKINS,94
8662,E,106107,SKINS,94
8662,E,106109,SKINS,94
8662,E,106110,SKINS,94
8662,E,106111,SKINS,94
8662,E,106112,SKINS,94
8662,E,106113,SKINS,94
8662,E,106114,SKINS,94
8662,E,106115,SKINS,94
8662,E,106116,SKINS,94
8662,E,106117,SKINS,94
8662,E,106119,SKINS,94
8662,E,106123,SKINS,94
8662,E,106124,SKINS,94
8662,E,106125,SKINS,94
8662,E,106126,SKINS,94
8662,E,106127,SKINS,94
8662,E,106128,SKINS,94
8662,E,106129,SKINS,94
8662,E,106130,SKINS,94
8662,E,106131,SKINS,94
8662,E,106132,SKINS,94
8662,E,106133,SKINS,94
8662,E,106134,SKINS,94
8662,E,106135,SKINS,94
8662,E,106136,SKINS,94
8662,E,106137,SKINS,94
8662,E,106138,SKINS,94
8662,E,106140,SKINS,94
8662,E,106141,SKINS,94
8662,E,106142,SKINS,94
8662,E,106143,SKINS,94
8662,E,106144,SKINS,94
8662,E,106145,SKINS,94
8662,E,106146,SKINS,94
8662,E,106147,SKINS,94
8662,E,106148,SKINS,94
8663,E,106149,SKINS,94
8663,E,106150,SKINS,94
8663,E,106151,SKINS,94
8663,E,106152,SKINS,94
8663,E,106153,SKINS,94
8663,E,106154,SKINS,94
8663,E,106155,SKINS,94
8668,E,106257,SKINS,94
8668,E,106274,SKINS,94
8668,E,106275,SKINS,94
8668,E,106350,SKINS,94
867,E,3423,SKINS,94
867,E,3427,SKINS,94
867,E,3458,SKINS,94
8730,E,106543,SKINS,94
8730,E,106627,SKINS,94
8730,E,106628,SKINS,94
8730,E,106634,SKINS,94
8730,E,106638,SKINS,94
8730,E,106742,SKINS,94
8730,E,106843,SKINS,94
8730,E,106844,SKINS,94
8730,E,106860,SKINS,94
8730,E,106985,SKINS,94
878,E,3463,SKINS,94
878,E,3476,SKINS,94
878,E,3477,SKINS,94
878,E,3507,SKINS,94
878,E,3512,SKINS,94
878,E,3518,SKINS,94
878,E,3522,SKINS,94
878,E,3536,SKINS,94
878,E,3625,SKINS,94
878,E,3629,SKINS,94
878,E,3648,SKINS,94
878,E,3667,SKINS,94
878,E,3683,SKINS,94
878,E,3697,SKINS,94
878,E,3698,SKINS,94
878,E,3701,SKINS,94
878,E,3702,SKINS,94
878,E,3703,SKINS,94
8795,E,107482,SKINS,94
8796,E,107500,SKINS,94
8796,E,107502,SKINS,94
8796,E,107503,SKINS,94
8796,E,107504,SKINS,94
8796,E,107510,SKINS,94
8796,E,107511,SKINS,94
8796,E,107512,SKINS,94
8796,E,107513,SKINS,94
8796,E,107519,SKINS,94
8796,E,107520,SKINS,94
8796,E,107521,SKINS,94
8796,E,107522,SKINS,94
8796,E,107523,SKINS,94
8796,E,107525,SKINS,94
8796,E,107526,SKINS,94
8796,E,107527,SKINS,94
8796,E,107528,SKINS,94
8796,E,107529,SKINS,94
8796,E,107530,SKINS,94
8796,E,107531,SKINS,94
8796,E,107532,SKINS,94
8796,E,107533,SKINS,94
8796,E,107534,SKINS,94
8796,E,107536,SKINS,94
8796,E,107537,SKINS,94
8796,E,107538,SKINS,94
8796,E,107540,SKINS,94
8796,E,107542,SKINS,94
8796,E,107543,SKINS,94
8796,E,107544,SKINS,94
8796,E,107546,SKINS,94
8796,E,107547,SKINS,94
8796,E,107548,SKINS,94
8796,E,107549,SKINS,94
8796,E,107550,SKINS,94
8796,E,107551,SKINS,94
8796,E,107554,SKINS,94
8796,E,107559,SKINS,94
8796,E,107561,SKINS,94
8796,E,107562,SKINS,94
8796,E,107565,SKINS,94
8796,E,107566,SKINS,94
8796,E,107567,SKINS,94
8796,E,107568,SKINS,94
8796,E,107570,SKINS,95
8796,E,107572,SKINS,95
8796,E,107573,SKINS,95
8796,E,107574,SKINS,95
8796,E,107577,SKINS,95
8796,E,107578,SKINS,95
8796,E,107579,SKINS,95
8796,E,107581,SKINS,95
8796,E,107582,SKINS,95
8796,E,107586,SKINS,95
8796,E,107587,SKINS,95
8796,E,107588,SKINS,95
8796,E,107593,SKINS,95
8796,E,107594,SKINS,95
8796,E,107598,SKINS,95
8796,E,107599,SKINS,95
8796,E,107600,SKINS,95
8796,E,107603,SKINS,95
8796,E,107604,SKINS,95
8796,E,107605,SKINS,95
8796,E,107606,SKINS,95
8796,E,107607,SKINS,95
8796,E,107610,SKINS,95
8796,E,107611,SKINS,95
8796,E,107612,SKINS,95
8796,E,107619,SKINS,95
8796,E,107621,SKINS,95
8796,E,107622,SKINS,95
8796,E,107624,SKINS,95
8796,E,107625,SKINS,95
8796,E,107627,SKINS,95
8796,E,107628,SKINS,95
8796,E,107629,SKINS,95
8796,E,107630,SKINS,95
8796,E,107631,SKINS,95
8796,E,107632,SKINS,95
8796,E,107636,SKINS,95
8796,E,107638,SKINS,95
8796,E,107641,SKINS,95
8796,E,107642,SKINS,95
8796,E,107643,SKINS,95
8796,E,107644,SKINS,95
8796,E,107645,SKINS,95
8796,E,107646,SKINS,95
8796,E,107647,SKINS,95
8796,E,107648,SKINS,95
8796,E,107651,SKINS,95
8796,E,107654,SKINS,95
8796,E,107657,SKINS,95
8796,E,107660,SKINS,95
8796,E,107661,SKINS,95
8796,E,107662,SKINS,95
8796,E,107663,SKINS,95
8796,E,107664,SKINS,95
8796,E,107665,SKINS,95
8796,E,107666,SKINS,95
8796,E,107667,SKINS,95
8796,E,107668,SKINS,95
8796,E,107669,SKINS,95
8796,E,107670,SKINS,95
8796,E,107672,SKINS,95
8796,E,107674,SKINS,95
8796,E,107675,SKINS,95
8796,E,107676,SKINS,95
8796,E,107677,SKINS,95
8796,E,107678,SKINS,95
8796,E,107679,SKINS,95
8796,E,107684,SKINS,95
8796,E,107685,SKINS,95
8796,E,107697,SKINS,95
8796,E,107700,SKINS,95
8796,E,107701,SKINS,95
8796,E,107702,SKINS,95
8796,E,107703,SKINS,95
8796,E,107704,SKINS,95
8796,E,107705,SKINS,95
8796,E,107706,SKINS,95
8796,E,107707,SKINS,95
8796,E,107709,SKINS,95
8796,E,107710,SKINS,95
8796,E,107712,SKINS,95
8796,E,107713,SKINS,95
8796,E,107714,SKINS,95
8796,E,107715,SKINS,95
8796,E,107716,SKINS,95
8796,E,107717,SKINS,95
8796,E,107718,SKINS,95
8796,E,107719,SKINS,95
8796,E,107720,SKINS,95
8796,E,107721,SKINS,95
8796,E,107722,SKINS,95
8796,E,107725,SKINS,95
8796,E,107726,SKINS,95
8796,E,107727,SKINS,95
8796,E,107730,SKINS,95
8796,E,107732,SKINS,95
8796,E,107737,SKINS,95
8796,E,107738,SKINS,95
8796,E,107739,SKINS,95
8796,E,107740,SKINS,95
8796,E,107741,SKINS,95
8796,E,107742,SKINS,95
8796,E,107743,SKINS,95
8796,E,107744,SKINS,95
8796,E,107745,SKINS,95
8796,E,107746,SKINS,95
8796,E,107747,SKINS,95
8796,E,107749,SKINS,95
8796,E,107752,SKINS,95
8796,E,107753,SKINS,95
8796,E,107755,SKINS,95
8796,E,107756,SKINS,95
8796,E,107759,SKINS,95
8796,E,107762,SKINS,95
8796,E,107766,SKINS,95
8796,E,107767,SKINS,95
8796,E,107768,SKINS,95
8796,E,107770,SKINS,95
8796,E,107771,SKINS,95
8796,E,107774,SKINS,95
8796,E,107777,SKINS,95
8796,E,107778,SKINS,95
8796,E,107779,SKINS,95
8796,E,107780,SKINS,95
8796,E,107781,SKINS,95
8796,E,107782,SKINS,95
8796,E,107783,SKINS,95
8796,E,107785,SKINS,95
8796,E,107786,SKINS,95
8796,E,107787,SKINS,95
8796,E,107789,SKINS,95
8796,E,107790,SKINS,95
8796,E,107791,SKINS,95
8796,E,107792,SKINS,95
8796,E,107793,SKINS,95
8796,E,107794,SKINS,95
8796,E,107795,SKINS,95
8796,E,107796,SKINS,95
8796,E,107797,SKINS,95
8796,E,107798,SKINS,95
8796,E,107799,SKINS,95
8796,E,107800,SKINS,95
8796,E,107801,SKINS,95
8796,E,107802,SKINS,95
8796,E,107803,SKINS,95
8796,E,107804,SKINS,95
8796,E,107805,SKINS,95
8796,E,107806,SKINS,95
8796,E,107807,SKINS,95
8796,E,107808,SKINS,95
8796,E,107809,SKINS,95
8796,E,107810,SKINS,95
8796,E,107811,SKINS,95
8796,E,107812,SKINS,95
8796,E,107813,SKINS,95
8796,E,107814,SKINS,95
8796,E,107816,SKINS,95
8796,E,107817,SKINS,95
8796,E,107818,SKINS,96
8796,E,107819,SKINS,96
8796,E,107820,SKINS,96
8796,E,107821,SKINS,96
8796,E,107822,SKINS,96
8796,E,107824,SKINS,96
8796,E,107825,SKINS,96
8796,E,107826,SKINS,96
8796,E,107828,SKINS,96
8796,E,107829,SKINS,96
8796,E,107830,SKINS,96
8796,E,107831,SKINS,96
8796,E,107832,SKINS,96
8796,E,107833,SKINS,96
8796,E,107834,SKINS,96
8796,E,107835,SKINS,96
8796,E,107836,SKINS,96
8796,E,107837,SKINS,96
8796,E,107838,SKINS,96
8796,E,107839,SKINS,96
8796,E,107840,SKINS,96
8796,E,107841,SKINS,96
8796,E,107843,SKINS,96
8796,E,107846,SKINS,96
8796,E,107847,SKINS,96
8897,E,107942,SKINS,96
8897,E,107966,SKINS,96
8913,E,108047,SKINS,96
8919,E,108049,SKINS,96
8972,E,108054,SKINS,96
8972,E,108061,SKINS,96
8982,E,108204,SKINS,96
8983,E,108403,SKINS,96
8984,E,108466,SKINS,96
8984,E,108467,SKINS,96
8984,E,108468,SKINS,96
8984,E,108469,SKINS,96
8984,E,108470,SKINS,96
8984,E,108471,SKINS,96
8984,E,108472,SKINS,96
8984,E,108473,SKINS,96
8984,E,108474,SKINS,96
8984,E,108475,SKINS,96
8984,E,108476,SKINS,96
8984,E,108477,SKINS,96
8984,E,108478,SKINS,96
8984,E,108479,SKINS,96
8984,E,108480,SKINS,96
8984,E,108481,SKINS,96
8984,E,108482,SKINS,96
8984,E,108483,SKINS,96
8984,E,108484,SKINS,96
8984,E,108485,SKINS,96
8984,E,108487,SKINS,96
8984,E,108488,SKINS,96
8984,E,108489,SKINS,96
8984,E,108490,SKINS,96
8984,E,108491,SKINS,96
8984,E,108493,SKINS,96
8984,E,108494,SKINS,96
8984,E,108495,SKINS,96
8984,E,108496,SKINS,96
8984,E,108497,SKINS,96
8984,E,108498,SKINS,96
8984,E,108499,SKINS,96
8984,E,108501,SKINS,96
8984,E,108502,SKINS,96
8984,E,108503,SKINS,96
8984,E,108504,SKINS,96
8984,E,108505,SKINS,96
8984,E,108506,SKINS,96
8984,E,108507,SKINS,96
8984,E,108508,SKINS,96
8984,E,108509,SKINS,96
8984,E,108510,SKINS,96
8984,E,108511,SKINS,96
8984,E,108512,SKINS,96
8984,E,108513,SKINS,96
8984,E,108514,SKINS,96
8984,E,108518,SKINS,96
8984,E,108519,SKINS,96
8984,E,108520,SKINS,96
8984,E,108521,SKINS,96
8984,E,108522,SKINS,96
8984,E,108523,SKINS,96
8984,E,108524,SKINS,96
8984,E,108525,SKINS,96
8984,E,108526,SKINS,96
8984,E,108527,SKINS,96
8984,E,108528,SKINS,96
8984,E,108529,SKINS,96
8984,E,108530,SKINS,96
8984,E,108531,SKINS,96
8984,E,108533,SKINS,96
8984,E,108535,SKINS,96
8984,E,108536,SKINS,96
8984,E,108538,SKINS,96
8984,E,108539,SKINS,96
8984,E,108540,SKINS,96
8984,E,108541,SKINS,96
8984,E,108542,SKINS,96
8984,E,108543,SKINS,96
8984,E,108544,SKINS,96
8984,E,108545,SKINS,96
8984,E,108546,SKINS,96
8984,E,108547,SKINS,96
8984,E,108548,SKINS,96
8984,E,108549,SKINS,96
8984,E,108551,SKINS,96
8984,E,108552,SKINS,96
8984,E,108553,SKINS,96
8984,E,108554,SKINS,96
8984,E,108555,SKINS,96
8984,E,108556,SKINS,96
8984,E,108557,SKINS,96
8984,E,108558,SKINS,96
8984,E,108559,SKINS,96
8984,E,108560,SKINS,96
8984,E,108561,SKINS,96
8984,E,108562,SKINS,96
8984,E,108563,SKINS,96
8984,E,108564,SKINS,96
8984,E,108565,SKINS,96
8984,E,108566,SKINS,96
8984,E,108567,SKINS,96
8984,E,108568,SKINS,96
8984,E,108569,SKINS,96
8984,E,108570,SKINS,96
8984,E,108571,SKINS,96
8984,E,108572,SKINS,96
8984,E,108573,SKINS,96
8984,E,108574,SKINS,96
8984,E,108575,SKINS,96
8984,E,108576,SKINS,96
8984,E,108577,SKINS,96
9112,E,108595,SKINS,96
9113,E,108596,SKINS,96
9113,E,108597,SKINS,96
9113,E,108598,SKINS,96
9113,E,108599,SKINS,96
9113,E,108600,SKINS,96
9113,E,108608,SKINS,96
9113,E,108609,SKINS,96
9113,E,108610,SKINS,96
9113,E,108611,SKINS,96
9113,E,108612,SKINS,96
9113,E,108614,SKINS,96
9113,E,108617,SKINS,96
9113,E,108620,SKINS,96
9113,E,108621,SKINS,96
9113,E,108622,SKINS,96
9113,E,108624,SKINS,96
9113,E,108626,SKINS,97
9113,E,108627,SKINS,97
9113,E,108629,SKINS,97
9113,E,108632,SKINS,97
9113,E,108633,SKINS,97
9113,E,108635,SKINS,97
9113,E,108636,SKINS,97
9113,E,108640,SKINS,97
9113,E,108641,SKINS,97
9113,E,108642,SKINS,97
9113,E,108643,SKINS,97
9113,E,108644,SKINS,97
9113,E,108645,SKINS,97
9113,E,108646,SKINS,97
9113,E,108647,SKINS,97
9113,E,108650,SKINS,97
9113,E,108651,SKINS,97
9113,E,108652,SKINS,97
9113,E,108653,SKINS,97
9113,E,108654,SKINS,97
9113,E,108655,SKINS,97
9113,E,108656,SKINS,97
9113,E,108657,SKINS,97
9113,E,108660,SKINS,97
9113,E,108661,SKINS,97
9113,E,108662,SKINS,97
9113,E,108663,SKINS,97
9113,E,108664,SKINS,97
9113,E,108665,SKINS,97
9113,E,108666,SKINS,97
9113,E,108667,SKINS,97
9113,E,108668,SKINS,97
9245,E,108705,SKINS,97
9245,E,108714,SKINS,97
9245,E,108732,SKINS,97
9245,E,108740,SKINS,97
9245,E,108783,SKINS,97
9245,E,108787,SKINS,97
9245,E,108792,SKINS,97
9245,E,108965,SKINS,97
9245,E,109119,SKINS,97
9245,E,109421,SKINS,97
9245,E,109430,SKINS,97
9245,E,109438,SKINS,97
9245,E,109578,SKINS,97
9247,E,109971,SKINS,97
9247,E,109977,SKINS,97
9247,E,110010,SKINS,97
9247,E,110040,SKINS,97
9247,E,110106,SKINS,97
9247,E,110126,SKINS,97
9247,E,110159,SKINS,97
9247,E,110180,SKINS,97
9247,E,110192,SKINS,97
9247,E,110203,SKINS,97
9247,E,110204,SKINS,97
9247,E,110209,SKINS,97
9247,E,110216,SKINS,97
9247,E,110296,SKINS,97
9247,E,110299,SKINS,97
9247,E,110302,SKINS,97
9247,E,110305,SKINS,97
9247,E,110309,SKINS,97
9247,E,110328,SKINS,97
9249,E,110419,SKINS,97
9249,E,110422,SKINS,97
9249,E,110457,SKINS,97
9249,E,110459,SKINS,97
9249,E,110464,SKINS,97
9249,E,110465,SKINS,97
9249,E,110485,SKINS,97
9249,E,110508,SKINS,97
9249,E,110542,SKINS,97
9249,E,110551,SKINS,97
9249,E,110557,SKINS,97
9249,E,110591,SKINS,97
9249,E,110592,SKINS,97
9249,E,110603,SKINS,97
9249,E,110604,SKINS,97
9249,E,110605,SKINS,97
9249,E,110613,SKINS,97
9249,E,110614,SKINS,97
9249,E,110676,SKINS,97
9249,E,110700,SKINS,97
9249,E,110701,SKINS,97
9249,E,110714,SKINS,97
9249,E,110721,SKINS,97
9249,E,110726,SKINS,97
9249,E,110736,SKINS,97
9249,E,110741,SKINS,97
9249,E,110761,SKINS,97
9249,E,110765,SKINS,97
9249,E,110773,SKINS,97
9249,E,110774,SKINS,97
9249,E,110787,SKINS,97
9249,E,110793,SKINS,97
9249,E,110794,SKINS,97
9249,E,110803,SKINS,97
9249,E,110807,SKINS,97
9249,E,110819,SKINS,97
9249,E,110833,SKINS,97
9249,E,110834,SKINS,97
9249,E,110849,SKINS,97
9249,E,110865,SKINS,97
9249,E,110866,SKINS,97
9249,E,110868,SKINS,97
9249,E,110871,SKINS,97
9249,E,110877,SKINS,97
9249,E,110894,SKINS,97
9249,E,110912,SKINS,97
9249,E,110917,SKINS,97
9249,E,110918,SKINS,97
9249,E,110919,SKINS,97
9249,E,110921,SKINS,97
9249,E,110933,SKINS,97
9249,E,110934,SKINS,97
9249,E,110938,SKINS,97
9249,E,110941,SKINS,97
9249,E,110948,SKINS,97
9249,E,110985,SKINS,97
9249,G,110850,SKINS,97
929,E,3729,SKINS,97
9314,E,111276,SKINS,97
9314,E,111347,SKINS,97
9314,E,111350,SKINS,97
9314,E,111351,SKINS,97
9314,E,111375,SKINS,97
9314,E,111381,SKINS,97
9317,E,111448,SKINS,97
9447,E,111473,SKINS,97
9447,E,111474,SKINS,97
9509,E,111707,SKINS,97
9509,E,111708,SKINS,97
9509,E,111709,SKINS,97
9509,E,111710,SKINS,97
9509,E,111711,SKINS,97
9509,E,111712,SKINS,97
9509,E,111713,SKINS,97
9509,E,111714,SKINS,97
9509,E,111715,SKINS,97
9509,E,111716,SKINS,98
9509,E,111717,SKINS,98
9509,E,111718,SKINS,98
9509,E,111719,SKINS,98
9509,E,111720,SKINS,98
9509,E,111721,SKINS,98
9509,E,111722,SKINS,98
9509,E,111723,SKINS,98
9509,E,111724,SKINS,98
9509,E,111725,SKINS,98
9509,E,111730,SKINS,98
9509,E,111731,SKINS,98
9509,E,111732,SKINS,98
9509,E,111733,SKINS,98
9509,E,111734,SKINS,98
9509,E,111735,SKINS,98
9509,E,111736,SKINS,98
9509,E,111737,SKINS,98
9509,E,111738,SKINS,98
9509,E,111739,SKINS,98
9509,E,111740,SKINS,98
9509,E,111741,SKINS,98
9509,E,111742,SKINS,98
9509,E,111743,SKINS,98
9509,E,111744,SKINS,98
9509,E,111745,SKINS,98
9509,E,111746,SKINS,98
9509,E,111747,SKINS,98
9509,E,111748,SKINS,98
9509,E,111749,SKINS,98
9509,E,111750,SKINS,98
9509,E,111751,SKINS,98
9509,E,111752,SKINS,98
9509,E,111753,SKINS,98
9509,E,111754,SKINS,98
9509,E,111755,SKINS,98
9509,E,111756,SKINS,98
9509,E,111757,SKINS,98
9509,E,111758,SKINS,98
9509,E,111759,SKINS,98
9509,E,111760,SKINS,98
9509,E,111761,SKINS,98
9509,E,111762,SKINS,98
9509,E,111763,SKINS,98
9509,E,111764,SKINS,98
9509,E,111765,SKINS,98
9509,E,111766,SKINS,98
9509,E,111767,SKINS,98
9509,E,111768,SKINS,98
9509,E,111769,SKINS,98
9509,E,111770,SKINS,98
9509,E,111771,SKINS,98
9509,E,111772,SKINS,98
9509,E,111773,SKINS,98
9509,E,111774,SKINS,98
9509,E,111775,SKINS,98
9509,E,111776,SKINS,98
9509,E,111777,SKINS,98
9509,E,111778,SKINS,98
9509,E,111779,SKINS,98
9509,E,111780,SKINS,98
9509,E,111781,SKINS,98
9509,E,111782,SKINS,98
9509,E,111783,SKINS,98
9509,E,111784,SKINS,98
9509,E,111785,SKINS,98
9509,E,111786,SKINS,98
9509,E,111787,SKINS,98
9509,E,111788,SKINS,98
9509,E,111789,SKINS,98
9509,E,111790,SKINS,98
9509,E,111791,SKINS,98
9509,E,111792,SKINS,98
9509,E,111794,SKINS,98
9509,E,111795,SKINS,98
9509,E,111796,SKINS,98
9509,E,111797,SKINS,98
9509,E,111800,SKINS,98
9509,E,111801,SKINS,98
9509,E,111802,SKINS,98
9509,E,111803,SKINS,98
9509,E,111804,SKINS,98
9512,E,111871,SKINS,98
952,E,3745,SKINS,98
952,E,3746,SKINS,98
952,E,3748,SKINS,98
9596,E,113510,SKINS,98
9596,E,113511,SKINS,98
9596,E,113512,SKINS,98
9596,E,113516,SKINS,98
9596,E,113517,SKINS,98
9596,E,113518,SKINS,98
9596,E,113519,SKINS,98
9596,E,113522,SKINS,98
9596,E,113523,SKINS,98
9596,E,113524,SKINS,98
9596,E,113525,SKINS,98
9596,E,113526,SKINS,98
9596,E,113527,SKINS,98
9596,E,113528,SKINS,98
9596,E,113529,SKINS,98
9596,E,113530,SKINS,98
9596,E,113531,SKINS,98
9596,E,113532,SKINS,98
9596,E,113533,SKINS,98
9596,E,113534,SKINS,98
9596,E,113535,SKINS,98
9596,E,113536,SKINS,98
9596,E,113537,SKINS,98
9596,E,113538,SKINS,98
9596,E,113539,SKINS,98
9596,E,113540,SKINS,98
9602,E,111878,SKINS,98
9602,E,111883,SKINS,98
9602,E,111890,SKINS,98
9602,E,111893,SKINS,98
9602,E,111901,SKINS,98
9602,E,111915,SKINS,98
9602,E,111960,SKINS,98
9602,E,112017,SKINS,98
9602,E,112072,SKINS,98
9602,E,112140,SKINS,98
9602,E,112159,SKINS,98
9602,E,112207,SKINS,98
9604,E,112350,SKINS,98
9604,E,112366,SKINS,98
9604,E,112370,SKINS,98
9604,E,112396,SKINS,98
9604,E,112442,SKINS,98
9604,E,112508,SKINS,98
9606,E,112650,SKINS,98
9606,E,112669,SKINS,98
9606,E,112793,SKINS,98
9606,E,113008,SKINS,98
9606,E,113056,SKINS,98
9606,E,113064,SKINS,98
9606,E,113161,SKINS,98
9607,E,113221,SKINS,98
9939,E,113579,SKINS,98
9939,E,113580,SKINS,98
9940,E,113592,SKINS,98
9940,E,113593,SKINS,98
9940,E,113601,SKINS,98
9941,E,113606,SKINS,98
9941,E,113611,SKINS,98
9974,E,113646,SKINS,98
9974,E,113647,SKINS,98
9974,E,113648,SKINS,98
9974,E,113649,SKINS,98
9974,E,113650,SKINS,98
9974,E,113651,SKINS,98
9974,E,113652,SKINS,98
9974,E,113653,SKINS,98
9974,E,113654,SKINS,98
9974,E,113655,SKINS,98
9974,E,113656,SKINS,98
9974,E,113657,SKINS,98
9974,E,113658,SKINS,98
9974,E,113659,SKINS,98
9974,E,113660,SKINS,98
9974,E,113661,SKINS,99
9974,E,113662,SKINS,99
9974,E,113663,SKINS,99
9974,E,113664,SKINS,99
9974,E,113665,SKINS,99
9974,E,113667,SKINS,99
9974,E,113668,SKINS,99
9974,E,113669,SKINS,99
9974,E,113671,SKINS,99
9974,E,113672,SKINS,99
9974,E,113673,SKINS,99
9974,E,113674,SKINS,99
9974,E,113675,SKINS,99
9974,E,113676,SKINS,99
9974,E,113678,SKINS,99
9974,E,113679,SKINS,99
9974,E,113680,SKINS,99
9974,E,113681,SKINS,99
9974,E,113682,SKINS,99
9974,E,113683,SKINS,99
9974,E,113684,SKINS,99
9974,E,113685,SKINS,99
9974,E,113687,SKINS,99
9974,E,113688,SKINS,99
9974,E,113690,SKINS,99
9974,E,113691,SKINS,99
9974,E,113692,SKINS,99
9974,E,113693,SKINS,99
9974,E,113694,SKINS,99
9974,E,113695,SKINS,99
9974,E,113696,SKINS,99
9974,E,113697,SKINS,99
9974,E,113698,SKINS,99
9974,E,113699,SKINS,99
9974,E,113700,SKINS,99
9974,E,113701,SKINS,99
9974,E,113702,SKINS,99
9974,E,113703,SKINS,99
9974,E,113704,SKINS,99
9974,E,113705,SKINS,99
9974,E,113706,SKINS,99
9974,E,113707,SKINS,99
9974,E,113709,SKINS,99
9974,E,113711,SKINS,99
9974,E,113712,SKINS,99
9974,E,113714,SKINS,99
9974,E,113716,SKINS,99
9974,E,113717,SKINS,99
9974,E,113718,SKINS,99
9974,E,113721,SKINS,99
9974,E,113723,SKINS,99
9974,E,113725,SKINS,99
9974,E,113726,SKINS,99
9974,E,113727,SKINS,99
9974,E,113728,SKINS,99
9974,E,113729,SKINS,99
9974,E,113730,SKINS,99
9974,E,113731,SKINS,99
9974,E,113732,SKINS,99
9974,E,113733,SKINS,99
9974,E,113734,SKINS,99
9974,E,113735,SKINS,99
9974,E,113737,SKINS,99
9974,E,113738,SKINS,99
9974,E,113739,SKINS,99
9974,E,113740,SKINS,99
9974,E,113741,SKINS,99
9974,E,113742,SKINS,99
9974,E,113743,SKINS,99
9974,E,113744,SKINS,99
9974,E,113745,SKINS,99
9974,E,113746,SKINS,99
9974,E,113747,SKINS,99
9974,E,113748,SKINS,99
9974,E,113749,SKINS,99
9974,E,113750,SKINS,99
9974,E,113751,SKINS,99
9974,E,113752,SKINS,99
9974,E,113753,SKINS,99
9974,E,113754,SKINS,99
9974,E,113755,SKINS,99
9974,E,113757,SKINS,99
9974,E,113758,SKINS,99
9975,E,113894,SKINS,99
9975,E,114165,SKINS,99
9975,E,114200,SKINS,99
9975,E,114262,SKINS,99
9975,E,114321,SKINS,99
9976,E,114464,SKINS,99
9977,E,114470,SKINS,99
9977,E,114487,SKINS,99
9977,E,114491,SKINS,99
9977,E,114511,SKINS,99
9977,E,114520,SKINS,99
9977,E,114523,SKINS,99
9977,E,114536,SKINS,99
9977,E,114559,SKINS,99
9977,E,114561,SKINS,99
9977,E,114565,SKINS,99
9977,E,114583,SKINS,99
9977,E,114586,SKINS,99
9977,E,114598,SKINS,99
9977,E,114600,SKINS,99
9977,E,114614,SKINS,99
9977,E,114619,SKINS,99
9977,E,114620,SKINS,99
9977,E,114626,SKINS,99
9977,E,114627,SKINS,99
9977,E,114635,SKINS,99
9977,E,114648,SKINS,99
10612,D,795,PICKLES,99
10823,E,797,PICKLES,99
11184,E,845,PICKLES,99
21160,E,1137,PICKLES,99
21160,E,1141,PICKLES,99
21160,E,1143,PICKLES,99
21167,E,1093,PICKLES,99
21476,E,1121,PICKLES,99
21736,E,1075,PICKLES,99
21790,E,837,PICKLES,99
21790,E,838,PICKLES,99
21791,E,863,PICKLES,99
21791,E,864,PICKLES,99
22228,E,1254,PICKLES,99
22228,E,1255,PICKLES,99
22228,E,1257,PICKLES,99
22228,E,1259,PICKLES,99
22228,E,1261,PICKLES,99
22228,E,1314,PICKLES,99
22228,E,1322,PICKLES,99
22228,E,1344,PICKLES,99
22228,E,1345,PICKLES,99
22228,E,1354,PICKLES,99
22228,E,1359,PICKLES,99
22228,E,1365,PICKLES,99
22228,E,1371,PICKLES,99
22228,E,1398,PICKLES,99
22228,E,1404,PICKLES,99
22228,E,1408,PICKLES,99
22228,E,1410,PICKLES,99
22228,E,1414,PICKLES,99
22228,E,1415,PICKLES,99
22228,E,1418,PICKLES,99
22228,E,1424,PICKLES,99
22228,E,1439,PICKLES,99
22272,E,1151,PICKLES,99
22272,E,1160,PICKLES,99
22275,D,1540,PICKLES,99
23276,E,1659,PICKLES,99
23276,E,1667,PICKLES,99
23922,E,1763,PICKLES,99
25572,E,2135,PICKLES,99
26889,E,2262,PICKLES,99
26889,E,2265,PICKLES,100
26889,E,2283,PICKLES,100
26889,E,2289,PICKLES,100
32535,E,3932,PICKLES,100
33091,E,5056,PICKLES,100
33120,E,5051,PICKLES,100
33120,E,5052,PICKLES,100
33120,E,5053,PICKLES,100
33120,E,5054,PICKLES,100
33120,E,5055,PICKLES,100
34719,D,6329,PICKLES,100
34719,G,6385,PICKLES,100
8377,E,222,PICKLES,100
8801,E,240,PICKLES,100
8801,E,241,PICKLES,100
8801,E,242,PICKLES,100
8801,E,249,PICKLES,100
8802,E,350,PICKLES,100
8802,E,352,PICKLES,100
8804,E,596,PICKLES,100
8804,E,597,PICKLES,100
8804,E,605,PICKLES,100
9166,E,613,PICKLES,100
9167,E,640,PICKLES,100
17096,G,1247,SKELETONS,100
17206,E,1256,SKELETONS,100
18101,E,1327,SKELETONS,100
18566,E,1419,SKELETONS,100
18760,E,1494,SKELETONS,100
18789,E,1520,SKELETONS,100
18949,D,1534,SKELETONS,100
18949,D,1535,SKELETONS,100
18949,E,1583,SKELETONS,100
18949,E,1587,SKELETONS,100
18949,E,1663,SKELETONS,100
18949,E,1681,SKELETONS,100
18949,E,1707,SKELETONS,100
18949,G,1529,SKELETONS,100
18949,G,1685,SKELETONS,100
18949,G,1699,SKELETONS,100
18975,D,1738,SKELETONS,100
18975,G,1733,SKELETONS,100
19144,G,1743,SKELETONS,100
19229,E,1790,SKELETONS,100
20407,E,1929,SKELETONS,100
20785,E,1940,SKELETONS,100
20788,E,1973,SKELETONS,100
20981,E,2050,SKELETONS,100
21275,E,2081,SKELETONS,100
21632,E,2117,SKELETONS,100
21660,E,2132,SKELETONS,100
22136,E,2183,SKELETONS,100
22151,G,2197,SKELETONS,100
22732,G,2265,SKELETONS,100
23306,E,2321,SKELETONS,100
23322,E,2344,SKELETONS,100
23923,E,3355,SKELETONS,100
24284,G,2442,SKELETONS,100
24573,E,2625,SKELETONS,100
24597,D,2505,SKELETONS,100
24597,E,2506,SKELETONS,100
24965,E,2547,SKELETONS,100
25259,E,2615,SKELETONS,100
25934,E,2672,SKELETONS,100
25937,E,2676,SKELETONS,100
25949,E,2689,SKELETONS,100
26179,E,2698,SKELETONS,100
26204,E,2713,SKELETONS,100
26362,G,2733,SKELETONS,100
26432,E,2740,SKELETONS,100
26475,E,2749,SKELETONS,100
26504,E,2770,SKELETONS,100
26647,E,2789,SKELETONS,100
26663,E,2801,SKELETONS,100
26849,E,2804,SKELETONS,100
26863,E,2807,SKELETONS,100
26863,E,2809,SKELETONS,100
27039,E,2844,SKELETONS,100
27228,E,3383,SKELETONS,100
27485,E,2896,SKELETONS,100
27501,E,2914,SKELETONS,100
27526,E,2932,SKELETONS,100
27706,E,3051,SKELETONS,100
27706,E,3111,SKELETONS,100
27834,E,3216,SKELETONS,100
27961,E,3267,SKELETONS,100
2806,D,101,SKELETONS,100
2806,D,102,SKELETONS,100
2806,D,103,SKELETONS,100
2806,D,104,SKELETONS,100
2806,D,105,SKELETONS,100
2806,D,106,SKELETONS,100
2806,D,107,SKELETONS,100
2806,D,108,SKELETONS,100
2806,D,109,SKELETONS,100
2806,D,110,SKELETONS,100
2806,D,111,SKELETONS,100
2806,D,112,SKELETONS,100
2806,D,113,SKELETONS,101
2806,D,114,SKELETONS,101
2806,D,115,SKELETONS,101
2806,D,116,SKELETONS,101
2806,D,117,SKELETONS,101
2806,D,118,SKELETONS,101
2806,D,119,SKELETONS,101
2806,D,120,SKELETONS,101
2806,D,121,SKELETONS,101
2806,D,122,SKELETONS,101
2806,D,123,SKELETONS,101
2806,D,124,SKELETONS,101
2806,D,125,SKELETONS,101
2806,D,126,SKELETONS,101
2806,D,127,SKELETONS,101
2806,D,128,SKELETONS,101
2806,D,129,SKELETONS,101
2806,D,130,SKELETONS,101
2806,D,131,SKELETONS,101
2806,D,132,SKELETONS,101
2806,D,133,SKELETONS,101
2806,D,134,SKELETONS,101
2806,D,135,SKELETONS,101
2806,D,136,SKELETONS,101
2806,D,137,SKELETONS,101
2806,D,138,SKELETONS,101
2806,D,139,SKELETONS,101
2806,D,140,SKELETONS,101
2806,D,141,SKELETONS,101
2806,D,142,SKELETONS,101
2806,D,143,SKELETONS,101
2806,D,144,SKELETONS,101
2806,D,145,SKELETONS,101
2806,D,146,SKELETONS,101
2806,D,147,SKELETONS,101
2806,D,148,SKELETONS,101
2806,D,149,SKELETONS,101
2806,D,150,SKELETONS,101
2806,D,151,SKELETONS,101
2806,D,152,SKELETONS,101
2806,D,153,SKELETONS,101
2806,D,154,SKELETONS,101
2806,D,155,SKELETONS,101
2806,D,156,SKELETONS,101
2806,D,157,SKELETONS,101
2806,D,158,SKELETONS,101
2806,D,159,SKELETONS,101
2806,D,160,SKELETONS,101
2806,D,161,SKELETONS,101
2806,D,162,SKELETONS,101
2806,D,163,SKELETONS,101
2806,D,164,SKELETONS,101
2806,D,165,SKELETONS,101
2806,D,166,SKELETONS,101
2806,D,167,SKELETONS,101
2806,D,168,SKELETONS,101
2806,D,169,SKELETONS,101
2806,D,170,SKELETONS,101
2806,D,171,SKELETONS,101
2806,D,172,SKELETONS,101
2806,D,173,SKELETONS,101
2806,D,174,SKELETONS,101
2806,D,175,SKELETONS,101
2806,D,176,SKELETONS,101
2806,D,177,SKELETONS,101
2806,D,178,SKELETONS,101
2806,D,179,SKELETONS,101
2806,D,180,SKELETONS,101
2806,D,181,SKELETONS,101
2806,D,182,SKELETONS,101
2806,D,183,SKELETONS,101
2806,D,184,SKELETONS,101
2806,D,185,SKELETONS,101
2806,D,186,SKELETONS,101
2806,D,188,SKELETONS,101
2806,D,189,SKELETONS,101
2806,D,190,SKELETONS,101
2806,D,191,SKELETONS,101
2806,D,192,SKELETONS,101
2806,D,193,SKELETONS,101
2806,D,194,SKELETONS,101
2806,D,195,SKELETONS,101
2806,D,196,SKELETONS,101
2806,D,197,SKELETONS,101
2806,D,198,SKELETONS,101
2806,D,199,SKELETONS,101
28122,E,3300,SKELETONS,101
28122,E,3303,SKELETONS,101
28136,G,3310,SKELETONS,101
28190,E,3564,SKELETONS,101
28191,E,3701,SKELETONS,101
28191,E,3806,SKELETONS,101
28191,E,3973,SKELETONS,101
28191,E,4013,SKELETONS,101
28191,E,4015,SKELETONS,101
28191,E,4038,SKELETONS,101
28191,E,4193,SKELETONS,101
28191,E,4238,SKELETONS,101
28191,E,4372,SKELETONS,101
28191,E,4400,SKELETONS,101
28191,E,4401,SKELETONS,101
28191,E,4402,SKELETONS,101
28191,E,4460,SKELETONS,101
28191,E,4484,SKELETONS,101
28191,E,4515,SKELETONS,101
28191,E,4516,SKELETONS,101
28191,E,4517,SKELETONS,101
28191,E,4535,SKELETONS,101
28191,E,4536,SKELETONS,101
28287,E,890,SKELETONS,101
28303,G,933,SKELETONS,101
28401,E,5151,SKELETONS,101
28719,E,4739,SKELETONS,101
28870,G,5141,SKELETONS,101
28872,E,4732,SKELETONS,101
28872,E,5176,SKELETONS,101
28906,E,4753,SKELETONS,101
28907,E,4755,SKELETONS,101
29030,E,5017,SKELETONS,101
29544,E,5573,SKELETONS,101
29553,E,4795,SKELETONS,101
29638,E,5694,SKELETONS,101
29638,E,5695,SKELETONS,101
29829,E,5709,SKELETONS,101
29983,E,5724,SKELETONS,101
30005,E,5050,SKELETONS,101
30137,E,5915,SKELETONS,101
30165,E,5051,SKELETONS,101
30206,E,5790,SKELETONS,101
30206,E,5791,SKELETONS,101
30206,E,5792,SKELETONS,101
30206,E,5793,SKELETONS,101
30206,E,5794,SKELETONS,101
30206,E,5795,SKELETONS,101
30206,E,5796,SKELETONS,101
30206,E,5797,SKELETONS,101
30206,E,5798,SKELETONS,101
30206,E,5800,SKELETONS,101
30206,E,5801,SKELETONS,101
30206,E,5802,SKELETONS,101
30206,E,5803,SKELETONS,101
30206,E,5805,SKELETONS,101
30206,E,5806,SKELETONS,101
30206,E,5807,SKELETONS,101
30206,E,5809,SKELETONS,101
30206,E,5810,SKELETONS,101
30206,E,5811,SKELETONS,101
30206,E,5812,SKELETONS,101
30206,E,5813,SKELETONS,101
30206,E,5814,SKELETONS,101
30206,E,5815,SKELETONS,101
30206,E,5818,SKELETONS,101
30206,E,5819,SKELETONS,101
30206,E,5820,SKELETONS,101
30206,E,5821,SKELETONS,101
30206,E,5822,SKELETONS,101
30206,E,5823,SKELETONS,101
30206,E,5824,SKELETONS,101
30206,E,5825,SKELETONS,101
30206,E,5826,SKELETONS,102
30206,E,5827,SKELETONS,102
30206,E,5828,SKELETONS,102
30206,E,5829,SKELETONS,102
30206,E,5830,SKELETONS,102
30206,E,5831,SKELETONS,102
30206,E,5832,SKELETONS,102
30206,E,5833,SKELETONS,102
30206,E,5834,SKELETONS,102
30206,E,5835,SKELETONS,102
30206,E,5836,SKELETONS,102
30206,E,5837,SKELETONS,102
30206,E,5838,SKELETONS,102
30206,E,5839,SKELETONS,102
30206,E,5840,SKELETONS,102
30206,E,5841,SKELETONS,102
30206,E,5842,SKELETONS,102
30206,E,5843,SKELETONS,102
30206,E,5932,SKELETONS,102
30540,E,4900,SKELETONS,102
30549,E,5065,SKELETONS,102
30629,E,5879,SKELETONS,102
30658,E,4911,SKELETONS,102
30658,E,6074,SKELETONS,102
30658,E,6076,SKELETONS,102
30658,E,6079,SKELETONS,102
30658,E,6080,SKELETONS,102
30658,E,6082,SKELETONS,102
30658,E,6102,SKELETONS,102
30658,E,6103,SKELETONS,102
30658,E,6104,SKELETONS,102
30658,E,6105,SKELETONS,102
30658,E,6106,SKELETONS,102
30658,E,6108,SKELETONS,102
30658,E,6142,SKELETONS,102
30658,E,6150,SKELETONS,102
30658,E,6151,SKELETONS,102
30658,E,6152,SKELETONS,102
30658,E,6153,SKELETONS,102
30658,E,6154,SKELETONS,102
30658,E,6156,SKELETONS,102
30658,E,6340,SKELETONS,102
30658,E,8337,SKELETONS,102
30658,E,8358,SKELETONS,102
30673,G,6242,SKELETONS,102
30705,E,5077,SKELETONS,102
30714,E,6312,SKELETONS,102
31033,E,6618,SKELETONS,102
31043,E,7080,SKELETONS,102
31157,E,5090,SKELETONS,102
31157,E,5093,SKELETONS,102
31174,E,6420,SKELETONS,102
31362,E,6479,SKELETONS,102
31466,E,6518,SKELETONS,102
31616,E,6496,SKELETONS,102
31697,E,6912,SKELETONS,102
31762,E,6857,SKELETONS,102
31762,E,6926,SKELETONS,102
31762,E,6956,SKELETONS,102
31822,E,6937,SKELETONS,102
31831,E,7094,SKELETONS,102
31834,E,7493,SKELETONS,102
31834,E,7525,SKELETONS,102
31834,E,8564,SKELETONS,102
31854,E,7281,SKELETONS,102
31922,E,7546,SKELETONS,102
32004,E,6988,SKELETONS,102
32004,E,7121,SKELETONS,102
32004,E,7373,SKELETONS,102
32004,E,7376,SKELETONS,102
32004,E,7912,SKELETONS,102
32009,E,7754,SKELETONS,102
32237,E,9632,SKELETONS,102
32281,E,8251,SKELETONS,102
32397,E,8654,SKELETONS,102
32397,E,8739,SKELETONS,102
32397,E,8743,SKELETONS,102
32397,E,8758,SKELETONS,102
32397,E,8761,SKELETONS,102
32397,E,8764,SKELETONS,102
32397,E,8765,SKELETONS,102
32397,E,8783,SKELETONS,102
32397,E,8788,SKELETONS,102
32397,E,8793,SKELETONS,102
32397,E,8797,SKELETONS,102
32397,E,8833,SKELETONS,102
32397,E,8865,SKELETONS,102
32397,E,8875,SKELETONS,102
32397,E,8964,SKELETONS,102
32397,E,8987,SKELETONS,102
32397,E,9123,SKELETONS,102
32397,E,9152,SKELETONS,102
32397,E,9170,SKELETONS,102
32403,E,8247,SKELETONS,102
32403,E,9336,SKELETONS,102
32403,G,7780,SKELETONS,102
32410,E,7858,SKELETONS,102
32505,E,9683,SKELETONS,102
32747,E,9641,SKELETONS,102
32769,E,9647,SKELETONS,102
32769,E,9650,SKELETONS,102
32769,E,9973,SKELETONS,102
32797,E,10306,SKELETONS,102
32940,D,10090,SKELETONS,102
32940,D,10254,SKELETONS,102
32940,E,10168,SKELETONS,102
33079,E,10423,SKELETONS,102
33079,E,10443,SKELETONS,102
33131,E,10493,SKELETONS,102
33131,E,10501,SKELETONS,102
33131,E,10616,SKELETONS,102
33291,E,10891,SKELETONS,102
33291,E,10901,SKELETONS,102
33291,E,10905,SKELETONS,102
33291,E,10982,SKELETONS,102
33291,E,10988,SKELETONS,102
33291,E,10998,SKELETONS,102
34719,E,13578,SKELETONS,102
34722,G,14008,SKELETONS,102
35016,E,14569,SKELETONS,102
35026,E,14072,SKELETONS,102
35032,E,14966,SKELETONS,102
35040,E,14233,SKELETONS,102
8232,E,213,SKELETONS,102
8234,E,219,SKELETONS,102
8234,E,240,SKELETONS,102
8367,E,294,SKELETONS,102
8367,E,295,SKELETONS,102
8449,E,379,SKELETONS,102
8798,E,427,SKELETONS,102
9579,E,834,SKELETONS,102
9579,E,835,SKELETONS,102
9580,D,783,SKELETONS,102
9580,E,766,SKELETONS,102
